0.0 0.0
0.05 0.0094077742080812
0.1 0.0354406680402184
0.15000000000000002 0.0751133774345531
0.2 0.1258092127983006
0.25 0.1852431533736058
0.30000000000000004 0.2514279026506784
0.35000000000000003 0.3226428592816061
0.4 0.3974057735326804
0.45 0.4744469086633291
0.5 0.5526855295670987
0.55 0.6312085490194492
0.6000000000000001 0.7092511701759144
0.65 0.7861793723900542
0.7000000000000001 0.8614740958392683
0.75 0.9347169887956516
0.8 1.0055775896025378
0.8500000000000001 1.0738018234363693
0.9 1.1392017017392717
0.9500000000000001 1.201646119736504
1.0 1.261052654699107
1.05 1.3173802745518748
1.1 1.3706228730397667
1.1500000000000001 1.4208035539606019
1.2000000000000002 1.4679695929267034
1.25 1.5121880107482482
1.3 1.5535416978314769
1.35 1.5921260339619776
1.4000000000000001 1.6280459525098405
1.4500000000000002 1.6614134024507128
1.5 1.692345165663453
1.55 1.7209609907464982
1.6 1.7473820081064082
1.6500000000000001 1.7717293943260897
1.7000000000000002 1.7941232568274887
1.75 1.8146817126203985
1.8 1.8335201374853511
1.85 1.850750564289346
1.9000000000000001 1.8664812112900195
1.9500000000000002 1.8808161232591023
2.0 1.8938549100621636
2.0500000000000003 1.9056925689793525
2.1 1.9164193785529655
2.15 1.9261208531121927
2.2 1.9348777483636812
2.25 1.942766109558026
2.3000000000000003 1.9498573547561335
2.35 1.956218386633919
2.4000000000000004 1.96191172708726
2.45 1.9669956696390036
2.5 1.9715244453128955
2.5500000000000003 1.9755483982327944
2.6 1.9791141677347623
2.6500000000000004 1.9822648742510864
2.7 1.985040306643654
2.75 1.9874771090347247
2.8000000000000003 1.9896089655103073
2.85 1.9914667813592313
2.9000000000000004 1.993078859763696
2.95 1.994471073077746
3.0 1.9956670280223392
3.0500000000000003 1.9966882242922313
3.1 1.9975542062134992
3.1500000000000004 1.9982827072137888
3.2 1.998889786972346
3.25 1.9993899612058024
3.3000000000000003 1.999796324120274
3.35 2.000120663622297
3.4000000000000004 2.000373569432089
3.45 2.0005645342837144
3.5 2.0007020484294826
3.5500000000000003 2.0007936876911967
3.6 2.000846195319722
3.6500000000000004 2.0008655579377996
3.7 2.000857075849624
3.75 2.000825428005403
3.8000000000000003 2.000774731910287
3.85 2.000708598765519
3.9000000000000004 2.000630184125598
3.95 2.0005422343494015
4.0 2.0004471291156998
4.05 2.0003469202647746
4.1000000000000005 2.0002433672182196
4.15 2.0001379692185934
4.2 2.0000319946197482
4.25 1.9999265074474624
4.3 1.9998223914386792
4.3500000000000005 1.9997203717562495
4.4 1.9996210345648375
4.45 1.9995248446424652
4.5 1.9994321611913228
4.55 1.999343252000904
4.6000000000000005 1.9992583061062728
4.65 1.9991774450744244
4.7 1.999100733042286
4.75 1.9990281856209156
4.800000000000001 1.9989597777718096
4.8500000000000005 1.9988954507532484
4.9 1.9988351182268145
4.95 1.9987786716070632
5.0 1.9987259847305108
5.050000000000001 1.9986769179137505
5.1000000000000005 1.9986313214645293
5.15 1.9985890387041236
5.2 1.9985499085541096
5.25 1.9985137677358784
5.300000000000001 1.9984804526268036
5.3500000000000005 1.9984498008128015
5.4 1.9984216523732907
5.45 1.998395850931004
5.5 1.9983722444959349
5.550000000000001 1.9983506861297116
5.6000000000000005 1.9983310344539953
5.65 1.998313154024054
5.7 1.9982969155863504
5.75 1.9982821962369663
5.800000000000001 1.9982688794958152
5.8500000000000005 1.9982568553098503
5.9 1.998246019997014
5.95 1.9982362761411911
6.0 1.998227532447254
6.050000000000001 1.9982197035641012
6.1000000000000005 1.9982127098826157
6.15 1.9982064773145056
6.2 1.9982009370572344
6.25 1.9981960253494833
6.300000000000001 1.9981916832209277
6.3500000000000005 1.9981878562395807
6.4 1.998184494259394
6.45 1.9981815511703933
6.5 1.9981789846532108
6.550000000000001 1.9981767559395296
6.6000000000000005 1.998174829579652
6.65 1.998173173218146
6.7 1.998171757378275
6.75 1.9981705552557452
6.800000000000001 1.9981695425220996
6.8500000000000005 1.9981686971379715
6.9 1.998167999176272
6.95 1.9981674306552943
7.0 1.9981669753816067
7.050000000000001 1.9981666188025593
7.1000000000000005 1.998166347868178
7.15 1.9981661509021291
7.2 1.998166017481464
7.25 1.9981659383247676
7.300000000000001 1.9981659051883611
7.3500000000000005 1.9981659107701804
7.4 1.9981659486209071
7.45 1.9981660130620107
7.5 1.99816609911029
7.550000000000001 1.998166202408508
7.6000000000000005 1.9981663191617915
7.65 1.998166446079383
7.7 1.9981665803214153
7.75 1.9981667194503645
7.800000000000001 1.9981668613868393
7.8500000000000005 1.9981670043694124
7.9 1.9981671469181712
7.95 1.9981672878017291
8.0 1.998167426007414
8.05 1.9981675607143763
8.1 1.9981676912693995
8.15 1.9981678171651636
8.200000000000001 1.99816793802078
8.25 1.998168053564374
8.3 1.9981681636175577
8.35 1.9981682680816095
8.4 1.99816836692522
8.450000000000001 1.998168460173624
8.5 1.998168547899038
8.55 1.9981686302122308
8.6 1.9981687072551395
8.65 1.9981687791944247
8.700000000000001 1.998168846215857
8.75 1.9981689085194656
8.8 1.9981689663153512
8.85 1.998169019820098
8.9 1.99816906925373
8.950000000000001 1.9981691148371223
9.0 1.9981691567898492
9.05 1.9981691953283856
9.1 1.998169230664648
9.15 1.998169263004801
9.200000000000001 1.99816929254833
9.25 1.9981693194873196
9.3 1.9981693440059207
9.35 1.9981693662799795
9.4 1.9981693864767989
9.450000000000001 1.9981694047550231
9.5 1.9981694212646213
9.55 1.9981694361469429
9.600000000000001 1.9981694495348583
9.65 1.9981694615529395
9.700000000000001 1.998169472317694
9.75 1.9981694819378353
9.8 1.998169490514572
9.850000000000001 1.99816949814193
9.9 1.9981695049070696
9.950000000000001 1.998169510890636
10.0 1.998169516167088
