0.0 1.0 0.0
0.01 0.9584713 -0.0
0.02 0.85103566 -0.0
0.03 0.71381148 -0.0
0.04 0.57753138 0.0
0.05 0.45836129 0.0
0.06 0.36101938 0.0
0.07 0.28429964 0.0
0.08 0.22485706 -0.0
0.09 0.1790807 -0.0
0.1 0.14381419 0.0
0.11 0.11652906 -0.0
0.12 0.09528241 -0.0
0.13 0.07861074 0.0
0.14 0.06542076 -0.0
0.15 0.05489699 -0.0
0.16 0.0464299 -0.0
0.17 0.03956097 0.0
0.18 0.03394732 0.0
0.19 0.02931174 0.0
0.2 0.02548967 0.0
0.21 0.02229276 0.0
0.22 0.01947716 0.0
0.23 0.01729224 0.0
0.24 0.01568293 0.0
0.25 0.01371168 -0.0
0.26 0.01142528 0.0
0.27 0.0104208 0.0
0.28 0.01118795 0.0
0.29 0.0116432 0.0
0.3 0.00954717 0.0
0.31 0.00552641 0.0
0.32 0.00284944 0.0
0.33 0.00439679 -0.0
0.34 0.01008855 -0.0
0.35000000000000003 0.01694262 -0.0
0.36 0.02126465 -0.0
0.37 0.02104236 -0.0
0.38 0.0169685 0.0
0.39 0.01188253 0.0
0.4 0.00923374 -0.0
0.41000000000000003 0.01156857 -0.0
0.42 0.01968623 -0.0
0.43 0.03265589 0.0
0.44 0.0484203 0.0
0.45 0.06427858 0.0
0.46 0.07776435 0.0
0.47000000000000003 0.08779203 0.0
0.48 0.09437635 0.0
0.49 0.09748362 0.0
0.5 0.09724025 -0.0
0.51 0.0950212 -0.0
0.52 0.09327535 -0.0
0.53 0.09400673 -0.0
0.54 0.09763144 -0.0
0.55 0.10306121 -0.0
0.56 0.10877873 -0.0
0.5700000000000001 0.11418276 0.0
0.58 0.12039481 -0.0
0.59 0.12978236 -0.0
0.6 0.14385943 -0.0
0.61 0.16133086 -0.0
0.62 0.17797955 -0.0
0.63 0.18847197 -0.0
0.64 0.18982421 -0.0
0.65 0.18376503 0.0
0.66 0.17553157 0.0
0.67 0.17128923 -0.0
0.68 0.17563373 -0.0
0.6900000000000001 0.18861978 0.0
0.7000000000000001 0.20513064 0.0
0.71 0.21834723 0.0
0.72 0.22317738 0.0
0.73 0.21662538 0.0
0.74 0.19814892 0.0
0.75 0.17136461 0.0
0.76 0.14369285 0.0
0.77 0.12237786 0.0
0.78 0.1109529 0.0
0.79 0.10999903 0.0
0.8 0.11948842 0.0
0.81 0.13893054 0.0
0.8200000000000001 0.16514436 0.0
0.8300000000000001 0.19121958 0.0
0.84 0.20972087 0.0
0.85 0.21681837 0.0
0.86 0.21321589 0.0
0.87 0.20213523 0.0
0.88 0.18586715 -0.0
0.89 0.16397612 -0.0
0.9 0.13588157 -0.0
0.91 0.1044129 -0.0
0.92 0.07566642 0.0
0.93 0.05620493 0.0
0.9400000000000001 0.050293 0.0
0.9500000000000001 0.05757567 0.0
0.96 0.073232 0.0
0.97 0.09195118 0.0
0.98 0.11212641 0.0
0.99 0.13546626 -0.0
1.0 0.16373045 -0.0
1.01 0.1970987 -0.0
1.02 0.23354097 -0.0
1.03 0.26779126 -0.0
1.04 0.29136571 0.0
1.05 0.29608949 0.0
1.06 0.2800757 0.0
1.07 0.24938264 0.0
1.08 0.21305175 0.0
1.09 0.17798865 -0.0
1.1 0.14765649 -0.0
1.11 0.12316753 -0.0
1.12 0.10461637 -0.0
1.1300000000000001 0.09096716 -0.0
1.1400000000000001 0.07906721 -0.0
1.1500000000000001 0.06540878 -0.0
1.16 0.04983216 -0.0
1.17 0.0363539 -0.0
1.18 0.03030305 -0.0
1.19 0.03502337 -0.0
1.2 0.05038861 -0.0
1.21 0.07346524 -0.0
1.22 0.10102147 -0.0
1.23 0.13099756 -0.0
1.24 0.16081497 -0.0
1.25 0.18545166 -0.0
1.26 0.19884475 -0.0
1.27 0.19814842 -0.0
1.28 0.18609313 -0.0
1.29 0.16909995 -0.0
1.3 0.15480067 -0.0
1.31 0.15058065 -0.0
1.32 0.16054276 -0.0
1.33 0.18236246 -0.0
1.34 0.20836016 -0.0
1.35 0.23019403 -0.0
1.36 0.24403385 0.0
1.37 0.25223137 0.0
1.3800000000000001 0.25927622 0.0
1.3900000000000001 0.26626994 0.0
1.4000000000000001 0.27024367 0.0
1.41 0.26810788 0.0
1.42 0.25876864 0.0
1.43 0.24178256 0.0
1.44 0.21694233 0.0
1.45 0.18527227 0.0
1.46 0.149431 0.0
1.47 0.11354717 0.0
1.48 0.08236244 0.0
1.49 0.05958656 0.0
1.5 0.04622137 0.0
1.51 0.0402468 0.0
1.52 0.0383015 0.0
1.53 0.03784647 0.0
1.54 0.03778464 0.0
1.55 0.03781556 0.0
1.56 0.03787295 0.0
1.57 0.03794045 0.0
1.58 0.03801437 0.0
1.59 0.03809742 0.0
1.6 0.03820326 0.0
1.61 0.03838664 0.0
1.62 0.03889285 0.0
1.6300000000000001 0.04065937 -0.0
1.6400000000000001 0.0460215 -0.0
1.6500000000000001 0.05833194 -0.0
1.6600000000000001 0.07991281 -0.0
1.67 0.11017923 -0.0
1.68 0.14568822 -0.0
1.69 0.18172355 -0.0
1.7 0.21401344 -0.0
1.71 0.23970025 -0.0
1.72 0.25755776 -0.0
1.73 0.26770732 -0.0
1.74 0.27066464 -0.0
1.75 0.26735019 -0.0
1.76 0.26037733 0.0
1.77 0.25277295 -0.0
1.78 0.24439516 -0.0
1.79 0.2316797 0.0
1.8 0.21207361 -0.0
1.81 0.18810534 -0.0
1.82 0.16667222 -0.0
1.83 0.15478158 0.0
1.84 0.15525206 -0.0
1.85 0.16522542 -0.0
1.86 0.17851697 -0.0
1.87 0.18849516 -0.0
1.8800000000000001 0.18950313 -0.0
1.8900000000000001 0.17875125 -0.0
1.9000000000000001 0.15806008 0.0
1.9100000000000001 0.13238213 -0.0
1.92 0.10630088 0.0
1.93 0.08242521 0.0
1.94 0.06262301 -0.0
1.95 0.04950995 -0.0
1.96 0.04554939 -0.0
1.97 0.05102066 -0.0
1.98 0.06330606 -0.0
1.99 0.07792841 0.0
2.0 0.091111 0.0
2.0100000000000002 0.10230403 0.0
2.02 0.11403274 0.0
2.0300000000000002 0.12907617 0.0
2.04 0.14857518 0.0
2.05 0.17251271 0.0
2.06 0.20003538 0.0
2.07 0.2286555 0.0
2.08 0.25343613 0.0
2.09 0.26769605 -0.0
2.1 0.26640035 -0.0
2.11 0.25002334 -0.0
2.12 0.22414578 -0.0
2.13 0.19534871 -0.0
2.14 0.16816221 -0.0
2.15 0.14462269 -0.0
2.16 0.12496459 -0.0
2.17 0.10819979 -0.0
2.18 0.0931737 -0.0
2.19 0.08071304 -0.0
2.2 0.07421673 -0.0
2.21 0.07711264 -0.0
2.22 0.08997355 -0.0
2.23 0.11005611 -0.0
2.24 0.13279127 -0.0
2.25 0.15368843 -0.0
2.2600000000000002 0.17023675 0.0
2.27 0.18235227 -0.0
2.2800000000000002 0.1904217 -0.0
2.29 0.19339462 -0.0
2.3000000000000003 0.18942926 -0.0
2.31 0.1779461 0.0
2.32 0.16103564 0.0
2.33 0.14317391 0.0
2.34 0.12896308 0.0
2.35 0.12095841 0.0
2.36 0.1198216 0.0
2.37 0.12559019 0.0
2.38 0.1378888 -0.0
2.39 0.1547814 -0.0
2.4 0.17211183 -0.0
2.41 0.18517447 0.0
2.42 0.19115304 0.0
2.43 0.1898192 0.0
2.44 0.18272918 0.0
2.45 0.17276475 0.0
2.46 0.16385246 0.0
2.47 0.15925471 0.0
2.48 0.15951595 -0.0
2.49 0.16240576 -0.0
2.5 0.16449476 -0.0
2.5100000000000002 0.16272718 -0.0
2.52 0.15586533 0.0
2.5300000000000002 0.14522996 0.0
2.54 0.13363906 0.0
2.5500000000000003 0.12354975 0.0
2.56 0.11598004 0.0
2.57 0.11052104 0.0
2.58 0.10625496 -0.0
2.59 0.10273198 -0.0
2.6 0.1001813 -0.0
2.61 0.09914702 -0.0
2.62 0.09998469 -0.0
2.63 0.10245004 -0.0
2.64 0.10554959 0.0
2.65 0.1078688 0.0
2.66 0.10828195 0.0
2.67 0.10631471 0.0
2.68 0.10185333 0.0
2.69 0.09497109 0.0
2.7 0.08633965 0.0
2.71 0.07741216 0.0
2.72 0.06991253 0.0
2.73 0.0652774 0.0
2.74 0.06426418 0.0
2.75 0.06656023 0.0
2.7600000000000002 0.0707337 0.0
2.77 0.07469097 0.0
2.7800000000000002 0.07653662 0.0
2.79 0.07551815 0.0
2.8000000000000003 0.07248085 0.0
2.81 0.06943807 0.0
2.82 0.06830888 0.0
2.83 0.06959907 0.0
2.84 0.07208878 0.0
2.85 0.07396517 0.0
2.86 0.07448918 0.0
2.87 0.07450575 0.0
2.88 0.07520511 -0.0
2.89 0.07670354 -0.0
2.9 0.07830416 -0.0
2.91 0.07977541 -0.0
2.92 0.08149444 -0.0
2.93 0.08361973 -0.0
2.94 0.08607105 -0.0
2.95 0.08893436 -0.0
2.96 0.09233629 -0.0
2.97 0.09638983 -0.0
2.98 0.10125609 -0.0
2.99 0.10714184 -0.0
3.0 0.11431187 -0.0
3.0100000000000002 0.12311066 -0.0
3.02 0.13398611 -0.0
3.0300000000000002 0.14751774 -0.0
3.04 0.16445335 0.0
3.0500000000000003 0.18574379 0.0
3.06 0.21256184 0.0
3.0700000000000003 0.24627817 0.0
3.08 0.28831874 0.0
3.09 0.33977078 0.0
3.1 0.40053598 0.0
3.11 0.4678257 0.0
3.12 0.53421302 -0.0
3.13 0.5867796 -0.0
3.14 0.61052163 -0.0
3.15 0.59701675 -0.0
3.16 0.55099971 0.0
3.17 0.48653681 0.0
3.18 0.41786443 0.0
3.19 0.35414974 -0.0
3.2 0.29939392 -0.0
3.21 0.25430844 -0.0
3.22 0.21803066 -0.0
3.23 0.1891618 -0.0
3.24 0.16627527 -0.0
3.25 0.14811983 -0.0
3.2600000000000002 0.13366885 -0.0
3.27 0.12210854 0.0
3.2800000000000002 0.11280675 0.0
3.29 0.10527502 0.0
3.3000000000000003 0.09913646 0.0
3.31 0.09410192 0.0
3.3200000000000003 0.08994762 0.0
3.33 0.08649593 0.0
3.34 0.08362011 0.0
3.35 0.0812059 0.0
3.36 0.07913331 0.0
3.37 0.07743751 0.0
3.38 0.07607089 0.0
3.39 0.07470218 -0.0
3.4 0.07332819 -0.0
3.41 0.0725062 -0.0
3.42 0.07240807 -0.0
3.43 0.07221249 -0.0
3.44 0.07099871 0.0
3.45 0.06900716 0.0
3.46 0.06763168 0.0
3.47 0.06814756 0.0
3.48 0.07052319 0.0
3.49 0.07336585 0.0
3.5 0.07489637 -0.0
3.5100000000000002 0.0741096 -0.0
3.52 0.07133729 -0.0
3.5300000000000002 0.06802131 -0.0
3.54 0.06596503 -0.0
3.5500000000000003 0.06655058 -0.0
3.56 0.0702563 0.0
3.5700000000000003 0.07659784 0.0
3.58 0.08443876 0.0
3.59 0.09234366 0.0
3.6 0.09898398 0.0
3.61 0.10360695 0.0
3.62 0.10607852 -0.0
3.63 0.10654967 -0.0
3.64 0.10540073 -0.0
3.65 0.10343161 -0.0
3.66 0.10172937 -0.0
3.67 0.10120894 -0.0
3.68 0.10230061 -0.0
3.69 0.10493707 -0.0
3.7 0.10872875 -0.0
3.71 0.1132838 0.0
3.72 0.11857845 0.0
3.73 0.12506632 -0.0
3.74 0.13318712 -0.0
3.75 0.14260494 -0.0
3.7600000000000002 0.15190798 -0.0
3.77 0.15907913 -0.0
3.7800000000000002 0.16267885 0.0
3.79 0.16290203 0.0
3.8000000000000003 0.16148297 0.0
3.81 0.16078291 -0.0
3.8200000000000003 0.16272114 -0.0
3.83 0.16764871 -0.0
3.84 0.17395875 -0.0
3.85 0.17909418 -0.0
3.86 0.18088856 -0.0
3.87 0.17805977 -0.0
3.88 0.17041166 0.0
3.89 0.15928385 -0.0
3.9 0.14743087 0.0
3.91 0.13776946 0.0
3.92 0.1320631 0.0
3.93 0.13086954 0.0
3.94 0.13422347 0.0
3.95 0.14182279 -0.0
3.96 0.15245456 -0.0
3.97 0.16361018 -0.0
3.98 0.17235781 0.0
3.99 0.17678106 0.0
4.0 0.17657749 0.0
4.01 0.17256546 0.0
4.0200000000000005 0.16557655 0.0
4.03 0.15572266 0.0
4.04 0.14302705 0.0
4.05 0.12864766 0.0
4.0600000000000005 0.11508137 0.0
4.07 0.10524704 0.0
4.08 0.10131852 0.0
4.09 0.10370025 0.0
4.1 0.11085675 0.0
4.11 0.12058118 0.0
4.12 0.13170629 0.0
4.13 0.14443606 0.0
4.14 0.15929518 0.0
4.15 0.17624875 0.0
4.16 0.19429363 0.0
4.17 0.21111591 0.0
4.18 0.22316639 0.0
4.19 0.22692799 -0.0
4.2 0.22111625 -0.0
4.21 0.20766396 -0.0
4.22 0.19025848 -0.0
4.23 0.17224366 -0.0
4.24 0.15568065 -0.0
4.25 0.14148634 -0.0
4.26 0.12986063 -0.0
4.2700000000000005 0.12035251 -0.0
4.28 0.11168336 -0.0
4.29 0.10247687 -0.0
4.3 0.09273646 -0.0
4.3100000000000005 0.08432504 -0.0
4.32 0.07987205 -0.0
4.33 0.08125711 -0.0
4.34 0.08875761 -0.0
4.3500000000000005 0.1011346 -0.0
4.36 0.11659129 -0.0
4.37 0.13362447 -0.0
4.38 0.15071773 -0.0
4.39 0.16560972 -0.0
4.4 0.17559916 -0.0
4.41 0.17906946 -0.0
4.42 0.17669423 -0.0
4.43 0.17107676 -0.0
4.44 0.16567802 0.0
4.45 0.16391433 0.0
4.46 0.1679061 0.0
4.47 0.17719633 0.0
4.48 0.1889195 0.0
4.49 0.19952433 -0.0
4.5 0.20687358 -0.0
4.51 0.21117586 0.0
4.5200000000000005 0.21381708 0.0
4.53 0.21533779 0.0
4.54 0.21482052 0.0
4.55 0.21103792 0.0
4.5600000000000005 0.20341338 0.0
4.57 0.19184853 0.0
4.58 0.17656386 0.0
4.59 0.15837749 0.0
4.6000000000000005 0.1388376 0.0
4.61 0.12005916 0.0
4.62 0.10424387 0.0
4.63 0.09293065 0.0
4.64 0.08634192 0.0
4.65 0.08337736 -0.0
4.66 0.08241091 -0.0
4.67 0.08221902 -0.0
4.68 0.08224565 -0.0
4.69 0.08232532 -0.0
4.7 0.08241879 -0.0
4.71 0.08251619 -0.0
4.72 0.08261557 0.0
4.73 0.08271789 0.0
4.74 0.08282871 0.0
4.75 0.08296992 0.0
4.76 0.08323006 0.0
4.7700000000000005 0.08394264 -0.0
4.78 0.08600753 -0.0
4.79 0.09093571 -0.0
4.8 0.10016452 -0.0
4.8100000000000005 0.11409297 0.0
4.82 0.13170752 0.0
4.83 0.15100868 0.0
4.84 0.16978068 0.0
4.8500000000000005 0.18620937 0.0
4.86 0.19917042 0.0
4.87 0.20823823 0.0
4.88 0.21341819 0.0
4.89 0.21503225 0.0
4.9 0.21400155 0.0
4.91 0.21150115 0.0
4.92 0.20779 0.0
4.93 0.20189816 0.0
4.94 0.19300346 0.0
4.95 0.18203783 0.0
4.96 0.17172365 0.0
4.97 0.16505558 0.0
4.98 0.16350458 -0.0
4.99 0.16617334 -0.0
5.0 0.17046052 -0.0
5.01 0.17330125 -0.0
5.0200000000000005 0.1720484 -0.0
5.03 0.16532192 -0.0
5.04 0.15369561 0.0
5.05 0.13924201 0.0
5.0600000000000005 0.12419833 0.0
5.07 0.11017024 0.0
5.08 0.09841992 -0.0
5.09 0.09038613 -0.0
5.1000000000000005 0.08736822 -0.0
5.11 0.0896691 -0.0
5.12 0.09619739 -0.0
5.13 0.10485131 -0.0
5.14 0.11358546 0.0
5.15 0.12159031 0.0
5.16 0.1295347 0.0
5.17 0.13859597 0.0
5.18 0.14945583 0.0
5.19 0.16216099 0.0
5.2 0.17622547 0.0
5.21 0.1904336 0.0
5.22 0.20261683 -0.0
5.23 0.20996298 -0.0
5.24 0.21025214 -0.0
5.25 0.20334479 -0.0
5.26 0.19130367 -0.0
5.2700000000000005 0.17699555 -0.0
5.28 0.16272305 -0.0
5.29 0.14976896 -0.0
5.3 0.13854991 0.0
5.3100000000000005 0.12890483 0.0
5.32 0.12055559 0.0
5.33 0.11387537 0.0
5.34 0.11015234 0.0
5.3500000000000005 0.1107338 0.0
5.36 0.11590026 0.0
5.37 0.12455086 0.0
5.38 0.13473156 0.0
5.39 0.14443184 0.0
5.4 0.15233346 0.0
5.41 0.15806654 -0.0
5.42 0.1616556 -0.0
5.43 0.16282987 -0.0
5.44 0.16108291 -0.0
5.45 0.15630735 -0.0
5.46 0.1493025 -0.0
5.47 0.14172817 -0.0
5.48 0.13540844 -0.0
5.49 0.13155089 -0.0
5.5 0.13062599 -0.0
5.51 0.13271181 -0.0
5.5200000000000005 0.13762435 -0.0
5.53 0.14462549 -0.0
5.54 0.15218848 -0.0
5.55 0.15845007 -0.0
5.5600000000000005 0.1620629 -0.0
5.57 0.16263191 0.0
5.58 0.16058691 0.0
5.59 0.15697478 0.0
5.6000000000000005 0.15326592 0.0
5.61 0.15076388 -0.0
5.62 0.14984705 -0.0
5.63 0.14980233 -0.0
5.64 0.14933713 -0.0
5.65 0.1472489 0.0
5.66 0.14301832 0.0
5.67 0.13709924 0.0
5.68 0.13057363 0.0
5.69 0.12446118 0.0
5.7 0.11927703 0.0
5.71 0.11503828 0.0
5.72 0.11160188 0.0
5.73 0.10898202 -0.0
5.74 0.10736474 -0.0
5.75 0.10692737 -0.0
5.76 0.10768995 -0.0
5.7700000000000005 0.10945005 -0.0
5.78 0.11174807 -0.0
5.79 0.11391368 -0.0
5.8 0.11527264 -0.0
5.8100000000000005 0.11536076 -0.0
5.82 0.11395366 -0.0
5.83 0.11104146 -0.0
5.84 0.10694243 -0.0
5.8500000000000005 0.10237334 0.0
5.86 0.09826564 0.0
5.87 0.09548543 0.0
5.88 0.09458746 0.0
5.89 0.09558523 0.0
5.9 0.09787499 0.0
5.91 0.10042032 0.0
5.92 0.10215812 0.0
5.93 0.10248933 0.0
5.94 0.10159005 0.0
5.95 0.10031585 0.0
5.96 0.0996699 0.0
5.97 0.10014143 0.0
5.98 0.10140505 0.0
5.99 0.10267303 0.0
6.0 0.10343389 0.0
6.01 0.10386142 0.0
6.0200000000000005 0.10446723 0.0
6.03 0.10546 -0.0
6.04 0.10664042 -0.0
6.05 0.10785262 -0.0
6.0600000000000005 0.10919899 -0.0
6.07 0.1107892 -0.0
6.08 0.11262889 -0.0
6.09 0.11475495 -0.0
6.1000000000000005 0.11724152 -0.0
6.11 0.12016443 -0.0
6.12 0.12362022 -0.0
6.13 0.12773311 -0.0
6.140000000000001 0.13265722 -0.0
6.15 0.13858773 -0.0
6.16 0.14577226 -0.0
6.17 0.15451929 -0.0
6.18 0.16521211 0.0
6.19 0.17831779 0.0
6.2 0.19437982 0.0
6.21 0.21398824 -0.0
6.22 0.23768855 0.0
6.23 0.26577437 0.0
6.24 0.29790542 0.0
6.25 0.33249878 0.0
6.26 0.36602274 -0.0
6.2700000000000005 0.39278634 -0.0
6.28 0.40627645 -0.0
6.29 0.4023829 -0.0
6.3 0.38219624 0.0
6.3100000000000005 0.35122504 0.0
6.32 0.31599943 0.0
6.33 0.28145582 0.0
6.34 0.25030951 0.0
6.3500000000000005 0.22356819 0.0
6.36 0.20124982 0.0
6.37 0.18291109 0.0
6.38 0.16795524 0.0
6.390000000000001 0.15578959 0.0
6.4 0.14588765 0.0
6.41 0.13780587 0.0
6.42 0.13118456 0.0
6.43 0.12573539 0.0
6.44 0.12122768 0.0
6.45 0.11748045 0.0
6.46 0.11434997 0.0
6.47 0.11172049 0.0
6.48 0.10950361 0.0
6.49 0.10762518 0.0
6.5 0.10601642 0.0
6.51 0.10466024 0.0
6.5200000000000005 0.10352026 0.0
6.53 0.10247157 -0.0
6.54 0.10150054 -0.0
6.55 0.10079502 0.0
6.5600000000000005 0.1004084 0.0
6.57 0.10001463 0.0
6.58 0.09923706 0.0
6.59 0.09816862 0.0
6.6000000000000005 0.09740189 0.0
6.61 0.09749636 0.0
6.62 0.09843404 0.0
6.63 0.09956204 0.0
6.640000000000001 0.10002473 -0.0
6.65 0.0993221 -0.0
6.66 0.0976127 -0.0
6.67 0.09562648 -0.0
6.68 0.0943011 -0.0
6.69 0.09437563 -0.0
6.7 0.09612168 -0.0
6.71 0.09928784 0.0
6.72 0.10324795 0.0
6.73 0.10721333 0.0
6.74 0.11045154 0.0
6.75 0.11250415 0.0
6.76 0.11325266 0.0
6.7700000000000005 0.11282145 -0.0
6.78 0.11151861 -0.0
6.79 0.10983325 -0.0
6.8 0.10833814 -0.0
6.8100000000000005 0.10751806 -0.0
6.82 0.10767324 -0.0
6.83 0.10891139 -0.0
6.84 0.111159 -0.0
6.8500000000000005 0.11421713 -0.0
6.86 0.1179056 -0.0
6.87 0.12219413 -0.0
6.88 0.12712883 -0.0
6.890000000000001 0.1325674 -0.0
6.9 0.13799132 -0.0
6.91 0.14260333 -0.0
6.92 0.14573096 -0.0
6.93 0.14727198 -0.0
6.94 0.14777456 -0.0
6.95 0.14813499 -0.0
6.96 0.14915431 -0.0
6.97 0.15108837 -0.0
6.98 0.15345211 -0.0
6.99 0.15531339 -0.0
7.0 0.15579885 -0.0
7.01 0.15438325 -0.0
7.0200000000000005 0.15100716 -0.0
7.03 0.14619515 0.0
7.04 0.14099698 0.0
7.05 0.13657989 0.0
7.0600000000000005 0.13375327 0.0
7.07 0.13285837 0.0
7.08 0.13395014 0.0
7.09 0.13689242 0.0
7.1000000000000005 0.14122259 0.0
7.11 0.14602427 0.0
7.12 0.15015702 0.0
7.13 0.15273337 0.0
7.140000000000001 0.15340721 0.0
7.15 0.15229389 0.0
7.16 0.14963696 -0.0
7.17 0.14553283 -0.0
7.18 0.1400671 -0.0
7.19 0.13372068 0.0
7.2 0.12752109 0.0
7.21 0.12276222 0.0
7.22 0.12053117 0.0
7.23 0.12125336 0.0
7.24 0.12453009 0.0
7.25 0.12951405 0.0
7.26 0.13556975 0.0
7.2700000000000005 0.14256087 0.0
7.28 0.15056251 0.0
7.29 0.15947079 0.0
7.3 0.16877236 0.0
7.3100000000000005 0.17740697 0.0
7.32 0.18381782 0.0
7.33 0.1864314 0.0
7.34 0.18449497 0.0
7.3500000000000005 0.17857569 0.0
7.36 0.17016236 -0.0
7.37 0.16083478 -0.0
7.38 0.15173678 -0.0
7.390000000000001 0.14349307 -0.0
7.4 0.13631954 -0.0
7.41 0.13008007 -0.0
7.42 0.12429175 -0.0
7.43 0.11843433 -0.0
7.44 0.11254917 -0.0
7.45 0.10749636 0.0
7.46 0.1045517 0.0
7.47 0.10472805 -0.0
7.48 0.10831494 -0.0
7.49 0.11482522 -0.0
7.5 0.12334741 -0.0
7.51 0.13296274 -0.0
7.5200000000000005 0.14276943 -0.0
7.53 0.15165283 -0.0
7.54 0.15834901 -0.0
7.55 0.16199025 -0.0
7.5600000000000005 0.1626574 -0.0
7.57 0.16137562 -0.0
7.58 0.15968854 0.0
7.59 0.15918353 -0.0
7.6000000000000005 0.16093464 -0.0
7.61 0.16496227 -0.0
7.62 0.17021208 -0.0
7.63 0.17518004 -0.0
7.640000000000001 0.1787667 -0.0
7.65 0.18075215 0.0
7.66 0.18149015 0.0
7.67 0.18118131 0.0
7.68 0.17953732 0.0
7.69 0.1760942 0.0
7.7 0.17060609 0.0
7.71 0.16309207 0.0
7.72 0.15379594 0.0
7.73 0.14325875 0.0
7.74 0.13234717 0.0
7.75 0.12214357 0.0
7.76 0.11369575 0.0
7.7700000000000005 0.10767659 0.0
7.78 0.1041192 0.0
7.79 0.10245076 0.0
7.8 0.10186353 0.0
7.8100000000000005 0.10173145 -0.0
7.82 0.10174528 -0.0
7.83 0.10180059 -0.0
7.84 0.10186877 -0.0
7.8500000000000005 0.1019416 -0.0
7.86 0.10201747 -0.0
7.87 0.10209689 -0.0
7.88 0.10218285 -0.0
7.890000000000001 0.10228712 -0.0
7.9 0.10244965 -0.0
7.91 0.10280711 -0.0
7.92 0.10373075 -0.0
7.930000000000001 0.10589919 -0.0
7.94 0.11008394 -0.0
7.95 0.11671601 -0.0
7.96 0.12558809 0.0
7.97 0.13590826 0.0
7.98 0.14660292 0.0
7.99 0.15664187 0.0
8.0 0.16525053 0.0
8.01 0.17198584 0.0
8.02 0.17668092 0.0
8.03 0.17938341 0.0
8.040000000000001 0.18039882 -0.0
8.05 0.18017875 -0.0
8.06 0.17893286 0.0
8.07 0.17645111 -0.0
8.08 0.17251503 -0.0
8.09 0.16750802 0.0
8.1 0.1625316 0.0
8.11 0.15887641 0.0
8.120000000000001 0.15728225 0.0
8.13 0.15750422 0.0
8.14 0.15846803 0.0
8.15 0.15877784 0.0
8.16 0.15718364 0.0
8.17 0.1529891 0.0
8.18 0.14635173 0.0
8.19 0.13815496 0.0
8.2 0.1294968 0.0
8.21 0.12130661 0.0
8.22 0.11436351 0.0
8.23 0.10945684 0.0
8.24 0.10727273 0.0
8.25 0.10803875 -0.0
8.26 0.11131539 -0.0
8.27 0.11613207 -0.0
8.28 0.12143439 -0.0
8.290000000000001 0.12662112 0.0
8.3 0.13175816 0.0
8.31 0.13727073 0.0
8.32 0.14348054 0.0
8.33 0.15042089 0.0
8.34 0.15783177 0.0
8.35 0.16511177 0.0
8.36 0.17127249 -0.0
8.370000000000001 0.17508364 -0.0
8.38 0.17554736 -0.0
8.39 0.17248632 -0.0
8.4 0.16667853 -0.0
8.41 0.15938301 -0.0
8.42 0.15175133 -0.0
8.43 0.14453703 -0.0
8.44 0.13809282 0.0
8.45 0.13249081 0.0
8.46 0.12771875 0.0
8.47 0.12396222 0.0
8.48 0.12171543 0.0
8.49 0.12149119 0.0
8.5 0.1233911 0.0
8.51 0.12694654 0.0
8.52 0.13130464 -0.0
8.53 0.13555993 -0.0
8.540000000000001 0.13906224 -0.0
8.55 0.14154253 -0.0
8.56 0.142958 -0.0
8.57 0.14324939 -0.0
8.58 0.14230968 -0.0
8.59 0.14016514 -0.0
8.6 0.13714511 -0.0
8.61 0.13387753 -0.0
8.620000000000001 0.13107484 -0.0
8.63 0.1292662 -0.0
8.64 0.12870948 -0.0
8.65 0.12947261 -0.0
8.66 0.13148649 -0.0
8.67 0.13447362 -0.0
8.68 0.13786829 -0.0
8.69 0.14093411 -0.0
8.700000000000001 0.14305195 -0.0
8.71 0.14393103 0.0
8.72 0.14363082 0.0
8.73 0.14249679 -0.0
8.74 0.14106654 -0.0
8.75 0.13985425 -0.0
8.76 0.13906375 -0.0
8.77 0.13847542 -0.0
8.78 0.13760213 -0.0
8.790000000000001 0.13596216 0.0
8.8 0.13333281 0.0
8.81 0.1298789 0.0
8.82 0.12604243 0.0
8.83 0.12227919 0.0
8.84 0.11887037 0.0
8.85 0.11591569 0.0
8.86 0.1134594 0.0
8.870000000000001 0.11160243 0.0
8.88 0.11048736 -0.0
8.89 0.11020395 -0.0
8.9 0.11072944 -0.0
8.91 0.11192746 -0.0
8.92 0.11355098 -0.0
8.93 0.11524775 -0.0
8.94 0.11662251 -0.0
8.950000000000001 0.11734079 -0.0
8.96 0.1171953 -0.0
8.97 0.11612842 -0.0
8.98 0.11427276 -0.0
8.99 0.11197924 0.0
9.0 0.10974767 0.0
9.01 0.1080869 0.0
9.02 0.10737124 0.0
9.03 0.10770736 0.0
9.040000000000001 0.10886863 0.0
9.05 0.11036084 0.0
9.06 0.11161155 0.0
9.07 0.11221964 0.0
9.08 0.11214683 0.0
9.09 0.11172755 0.0
9.1 0.11145518 0.0
9.11 0.1116635 0.0
9.120000000000001 0.11232419 0.0
9.13 0.11312655 0.0
9.14 0.11378532 0.0
9.15 0.11428611 0.0
9.16 0.11482293 0.0
9.17 0.11553738 0.0
9.18 0.11639918 -0.0
9.19 0.11733843 -0.0
9.200000000000001 0.11837519 -0.0
9.21 0.11956611 -0.0
9.22 0.12093474 -0.0
9.23 0.12250477 -0.0
9.24 0.12431956 -0.0
9.25 0.12642785 -0.0
9.26 0.12888838 -0.0
9.27 0.13177613 -0.0
9.28 0.13518125 -0.0
9.290000000000001 0.13921461 -0.0
9.3 0.14401401 -0.0
9.31 0.14974435 -0.0
9.32 0.15660242 -0.0
9.33 0.16481823 -0.0
9.34 0.1746423 -0.0
9.35 0.18632325 -0.0
9.36 0.2000554 -0.0
9.370000000000001 0.21587039 -0.0
9.38 0.23346381 -0.0
9.39 0.25194513 -0.0
9.4 0.26957498 -0.0
9.41 0.28373107 -0.0
9.42 0.29146348 -0.0
9.43 0.29074994 0.0
9.44 0.28169287 0.0
9.450000000000001 0.26646072 0.0
9.46 0.24804332 0.0
9.47 0.22902812 0.0
9.48 0.21109338 0.0
9.49 0.19507192 0.0
9.5 0.18122354 0.0
9.51 0.16948643 0.0
9.52 0.15964659 0.0
9.53 0.15144222 0.0
9.540000000000001 0.14461486 0.0
9.55 0.13892931 0.0
9.56 0.13418489 0.0
9.57 0.13021458 0.0
9.58 0.12687898 0.0
9.59 0.12406575 0.0
9.6 0.12168401 0.0
9.61 0.11965825 -0.0
9.620000000000001 0.11792883 -0.0
9.63 0.11644691 -0.0
9.64 0.11516887 -0.0
9.65 0.11407058 -0.0
9.66 0.11312592 -0.0
9.67 0.11228192 -0.0
9.68 0.1115249 -0.0
9.69 0.11091394 -0.0
9.700000000000001 0.11046051 -0.0
9.71 0.11003294 0.0
9.72 0.10947732 0.0
9.73 0.10882915 0.0
9.74 0.10833895 0.0
9.75 0.1082497 0.0
9.76 0.10854862 0.0
9.77 0.10892845 0.0
9.78 0.10897877 0.0
9.790000000000001 0.10845242 -0.0
9.8 0.10742586 -0.0
9.81 0.10626853 -0.0
9.82 0.10546558 -0.0
9.83 0.10540837 -0.0
9.84 0.10624617 -0.0
9.85 0.10784576 -0.0
9.86 0.1098616 0.0
9.870000000000001 0.11185441 0.0
9.88 0.11341364 0.0
9.89 0.11427003 0.0
9.9 0.11434328 0.0
9.91 0.11371404 -0.0
9.92 0.11258792 -0.0
9.93 0.1112651 -0.0
9.94 0.11007646 -0.0
9.950000000000001 0.10930513 -0.0
9.96 0.1091469 -0.0
9.97 0.10970504 -0.0
9.98 0.11098274 -0.0
9.99 0.11288428 -0.0
10.0 0.1152667 -0.0
