0.0 0.977619 7.2e-5
0.01 0.973221 7.2e-5
0.02 0.969121 7.4e-5
0.03 0.965574 0.0005
0.04 0.962785 0.005118
0.05 0.960887 0.018413
0.06 0.959937 0.041072
0.07 0.959914 0.071777
0.08 0.960727 0.108275
0.09 0.962226 0.149128
0.1 0.964225 0.193016
0.11 0.966522 0.238376
0.12 0.968916 0.284334
0.13 0.971228 0.330718
0.14 0.973311 0.377195
0.15 0.975059 0.423387
0.16 0.976407 0.468548
0.17 0.977328 0.512619
0.18 0.977829 0.555779
0.19 0.977943 0.597491
0.2 0.977718 0.638065
0.21 0.977215 0.677085
0.22 0.976494 0.71461
0.23 0.975615 0.750766
0.24 0.974631 0.785201
0.25 0.973587 0.818246
0.26 0.972517 0.849731
0.27 0.971448 0.878767
0.28 0.970398 0.906551
0.29 0.969378 0.932877
0.3 0.968393 0.958637
0.31 0.967445 0.98222
0.32 0.966532 1.003794
0.33 0.965651 1.025823
0.34 0.964795 1.044785
0.35000000000000003 0.963962 1.062795
0.36 0.963146 1.07825
0.37 0.972314 1.088431
0.38 0.97187 1.101173
0.39 0.971423 1.111823
0.4 0.970971 1.122342
0.41000000000000003 0.970511 1.130659
0.42 0.970043 1.140823
0.43 0.969565 1.148603
0.44 0.969077 1.156918
0.45 0.968579 1.162607
0.46 0.968072 1.165582
0.47000000000000003 0.967556 1.16953
0.48 0.967032 1.175039
0.49 0.9665 1.180217
0.5 0.965962 1.184748
0.51 0.965417 1.187928
0.52 0.964866 1.190593
0.53 0.96431 1.19069
0.54 0.963749 1.188867
0.55 0.97324 1.18039
0.56 0.972944 1.175768
0.5700000000000001 0.972635 1.169255
0.58 0.972315 1.166883
0.59 0.971983 1.164265
0.6 0.97164 1.163345
0.61 0.971286 1.161317
0.62 0.970922 1.161651
0.63 0.970547 1.160075
0.64 0.970162 1.160097
0.65 0.969767 1.159135
0.66 0.969363 1.157894
0.67 0.968948 1.155761
0.68 0.968523 1.153786
0.6900000000000001 0.968087 1.154302
0.7000000000000001 0.967641 1.152282
0.71 0.967186 1.147544
0.72 0.966723 1.144277
0.73 0.966256 1.136218
0.74 0.965786 1.122943
0.75 0.965314 1.107945
0.76 0.964837 1.094167
0.77 0.964351 1.083032
0.78 0.963853 1.078
0.79 0.963337 1.078115
0.8 0.962805 1.08142
0.81 0.962259 1.088378
0.8200000000000001 0.961705 1.099498
0.8300000000000001 0.961147 1.110264
0.84 0.960587 1.120873
0.85 0.960027 1.130563
0.86 0.959464 1.137731
0.87 0.958897 1.142061
0.88 0.958324 1.147812
0.89 0.957745 1.148805
0.9 0.957159 1.144906
0.91 0.956567 1.137911
0.92 0.955969 1.128433
0.93 0.965253 1.115502
0.9400000000000001 0.96482 1.10751
0.9500000000000001 0.96438 1.095537
0.96 0.963933 1.081215
0.97 0.963479 1.062336
0.98 0.963019 1.044065
0.99 0.962552 1.022345
1.0 0.96208 0.999032
1.01 0.961603 0.976153
1.02 0.961122 0.95459
1.03 0.960637 0.937774
1.04 0.960149 0.92954
1.05 0.959658 0.928275
1.06 0.959165 0.933422
1.07 0.958667 0.942446
1.08 0.958167 0.953707
1.09 0.957662 0.970182
1.1 0.957152 0.989475
1.11 0.956637 1.006631
1.12 0.956116 1.024239
1.1300000000000001 0.955591 1.038254
1.1400000000000001 0.964861 1.04223
1.1500000000000001 0.964461 1.053165
1.16 0.964056 1.059388
1.17 0.963653 1.062645
1.18 0.963256 1.064062
1.19 0.962869 1.06351
1.2 0.962497 1.063812
1.21 0.962144 1.061553
1.22 0.961813 1.058244
1.23 0.961507 1.055506
1.24 0.961227 1.054331
1.25 0.960975 1.052276
1.26 0.960751 1.05191
1.27 0.960557 1.053045
1.28 0.960391 1.054729
1.29 0.960252 1.055384
1.3 0.960135 1.05356
1.31 0.960032 1.053176
1.32 0.95993 1.049345
1.33 0.95981 1.045092
1.34 0.959646 1.039486
1.35 0.959405 1.032194
1.36 0.959044 1.02289
1.37 0.95852 1.010878
1.3800000000000001 0.957782 0.995902
1.3900000000000001 0.956787 0.980384
1.4000000000000001 0.955497 0.960361
1.41 0.953889 0.9381
1.42 0.95196 0.91216
1.43 0.949738 0.882535
1.44 0.947278 0.850346
1.45 0.954489 0.808592
1.46 0.952039 0.771455
1.47 0.949715 0.729983
1.48 0.947679 0.691672
1.49 0.946089 0.651311
1.5 0.945093 0.61139
1.51 0.944804 0.576284
1.52 0.94529 0.549003
1.53 0.946564 0.531922
1.54 0.948578 0.520467
1.55 0.951222 0.512851
1.56 0.954333 0.50761
1.57 0.957707 0.507779
1.58 0.961115 0.506082
1.59 0.964321 0.509292
1.6 0.967111 0.514586
1.61 0.969307 0.522394
1.62 0.970783 0.53608
1.6300000000000001 0.971481 0.558994
1.6400000000000001 0.971404 0.587968
1.6500000000000001 0.970616 0.623996
1.6600000000000001 0.969227 0.65904
1.67 0.967378 0.6982
1.68 0.965228 0.733192
1.69 0.962936 0.767244
1.7 0.960648 0.799042
1.71 0.958487 0.827736
1.72 0.956549 0.85389
1.73 0.954897 0.878609
1.74 0.953563 0.899078
1.75 0.952553 0.915799
1.76 0.951849 0.930855
1.77 0.951418 0.943714
1.78 0.951216 0.954294
1.79 0.951195 0.96305
1.8 0.951305 0.969035
1.81 0.951501 0.973305
1.82 0.951743 0.975648
1.83 0.952 0.975627
1.84 0.952247 0.977618
1.85 0.952466 0.975587
1.86 0.952646 0.973735
1.87 0.952781 0.969543
1.8800000000000001 0.952871 0.966744
1.8900000000000001 0.952918 0.964565
1.9000000000000001 0.952926 0.962064
1.9100000000000001 0.9529 0.960003
1.92 0.952847 0.959295
1.93 0.952771 0.958451
1.94 0.952678 0.959553
1.95 0.952573 0.958579
1.96 0.952459 0.956004
1.97 0.952339 0.95476
1.98 0.952214 0.95007
1.99 0.952087 0.942984
2.0 0.951958 0.934165
2.0100000000000002 0.951828 0.922657
2.02 0.951697 0.909457
2.0300000000000002 0.951565 0.894375
2.04 0.951432 0.87629
2.05 0.951298 0.859699
2.06 0.951161 0.842852
2.07 0.951021 0.828363
2.08 0.950878 0.817059
2.09 0.960289 0.806963
2.1 0.960183 0.801961
2.11 0.960081 0.802821
2.12 0.959982 0.810519
2.13 0.959886 0.822567
2.14 0.959793 0.837191
2.15 0.9597 0.850838
2.16 0.959607 0.864478
2.17 0.959513 0.87799
2.18 0.959418 0.889867
2.19 0.959321 0.901462
2.2 0.959221 0.909057
2.21 0.959119 0.914981
2.22 0.959014 0.919566
2.23 0.958907 0.924893
2.24 0.958798 0.929876
2.25 0.958686 0.931241
2.2600000000000002 0.958573 0.929355
2.27 0.958457 0.926434
2.2800000000000002 0.958341 0.920892
2.29 0.958226 0.913223
2.3000000000000003 0.958113 0.904897
2.31 0.958004 0.894286
2.32 0.957898 0.882716
2.33 0.957794 0.873204
2.34 0.957689 0.864169
2.35 0.957578 0.857993
2.36 0.957459 0.85406
2.37 0.957333 0.852674
2.38 0.9572 0.85553
2.39 0.957066 0.862302
2.4 0.956934 0.87117
2.41 0.956805 0.877787
2.42 0.956681 0.883218
2.43 0.95656 0.885883
2.44 0.95644 0.885962
2.45 0.95632 0.884991
2.46 0.956199 0.883278
2.47 0.956078 0.882843
2.48 0.955956 0.880862
2.49 0.955834 0.879521
2.5 0.955714 0.878121
2.5100000000000002 0.955597 0.876148
2.52 0.955484 0.873861
2.5300000000000002 0.955374 0.870293
2.54 0.955268 0.867075
2.5500000000000003 0.955165 0.864523
2.56 0.955066 0.862708
2.57 0.95497 0.864718
2.58 0.954875 0.864897
2.59 0.95478 0.866474
2.6 0.954684 0.866335
2.61 0.954587 0.865147
2.62 0.954488 0.861806
2.63 0.954387 0.857808
2.64 0.954284 0.852219
2.65 0.95418 0.844738
2.66 0.954076 0.837645
2.67 0.953971 0.832722
2.68 0.953867 0.826725
2.69 0.953763 0.818437
2.7 0.953659 0.81152
2.71 0.953555 0.802949
2.72 0.953448 0.793515
2.73 0.953337 0.783648
2.74 0.953219 0.774293
2.75 0.953091 0.763113
2.7600000000000002 0.952951 0.752332
2.77 0.952793 0.740786
2.7800000000000002 0.952616 0.72608
2.79 0.96228 0.704698
2.8000000000000003 0.962117 0.69045
2.81 0.961924 0.674445
2.82 0.961698 0.659214
2.83 0.961437 0.641417
2.84 0.961142 0.624875
2.85 0.960814 0.606024
2.86 0.960457 0.58739
2.87 0.960078 0.566994
2.88 0.959689 0.545825
2.89 0.959304 0.524463
2.9 0.958944 0.501729
2.91 0.958634 0.47879
2.92 0.958403 0.454002
2.93 0.958286 0.42849
2.94 0.958319 0.402358
2.95 0.958539 0.375151
2.96 0.958979 0.34695
2.97 0.959665 0.318487
2.98 0.960609 0.289292
2.99 0.961809 0.259287
3.0 0.963237 0.229462
3.0100000000000002 0.964845 0.199082
3.02 0.966559 0.168847
3.0300000000000002 0.96828 0.139202
3.04 0.969893 0.109943
3.0500000000000003 0.971272 0.082079
3.06 0.97229 0.056756
3.0700000000000003 0.972833 0.034755
3.08 0.972808 0.017265
3.09 0.972161 0.005564
3.1 0.970881 0.002406
3.11 0.969006 0.002377
3.12 0.966628 0.002365
3.13 0.963879 0.002379
3.14 0.960925 0.002395
3.15 0.95795 0.002403
3.16 0.955137 0.002396
3.17 0.952654 0.002406
3.18 0.950639 0.002441
3.19 0.949192 0.003293
3.2 0.948363 0.011833
3.21 0.94816 0.026968
3.22 0.94854 0.047038
3.23 0.949427 0.070846
3.24 0.950714 0.097788
3.25 0.952278 0.12624
3.2600000000000002 0.953992 0.155543
3.27 0.955734 0.185893
3.2800000000000002 0.9574 0.215909
3.29 0.958907 0.24539
3.3000000000000003 0.960196 0.274465
3.31 0.961233 0.303575
3.3200000000000003 0.962008 0.331341
3.33 0.96253 0.357763
3.34 0.962821 0.383764
3.35 0.962916 0.408146
3.36 0.962851 0.432384
3.37 0.962666 0.454852
3.38 0.962399 0.476797
3.39 0.962083 0.497815
3.4 0.961743 0.51766
3.41 0.961401 0.536454
3.42 0.961071 0.554238
3.43 0.960764 0.571973
3.44 0.960484 0.588318
3.45 0.960233 0.60342
3.46 0.960011 0.61764
3.47 0.959816 0.632679
3.48 0.959647 0.644909
3.49 0.9595 0.657743
3.5 0.959373 0.669455
3.5100000000000002 0.959265 0.680734
3.52 0.959173 0.690911
3.5300000000000002 0.959096 0.700796
3.54 0.959031 0.709676
3.5500000000000003 0.958977 0.717249
3.56 0.958932 0.725211
3.5700000000000003 0.958894 0.731848
3.58 0.95886 0.738695
3.59 0.958829 0.744978
3.6 0.958798 0.749396
3.61 0.958767 0.754614
3.62 0.958733 0.759583
3.63 0.958696 0.762689
3.64 0.958656 0.767795
3.65 0.958612 0.771579
3.66 0.958566 0.775149
3.67 0.958517 0.775947
3.68 0.958468 0.776188
3.69 0.958418 0.774419
3.7 0.95837 0.771993
3.71 0.958324 0.768749
3.72 0.958281 0.767784
3.73 0.95824 0.766653
3.74 0.958201 0.767378
3.75 0.958164 0.76756
3.7600000000000002 0.958128 0.769087
3.77 0.958093 0.76998
3.7800000000000002 0.958056 0.769563
3.79 0.958019 0.768966
3.8000000000000003 0.95798 0.768119
3.81 0.957939 0.765682
3.8200000000000003 0.957897 0.764199
3.83 0.957852 0.764065
3.84 0.957807 0.762096
3.85 0.957763 0.759813
3.86 0.95772 0.757773
3.87 0.957682 0.753208
3.88 0.957649 0.745868
3.89 0.957621 0.738992
3.9 0.957597 0.732121
3.91 0.957574 0.727069
3.92 0.957548 0.725096
3.93 0.957516 0.725175
3.94 0.957477 0.726384
3.95 0.957432 0.728421
3.96 0.957383 0.731799
3.97 0.957334 0.736499
3.98 0.957285 0.741332
3.99 0.957238 0.747136
4.0 0.957193 0.750964
4.01 0.957148 0.753508
4.0200000000000005 0.957104 0.756712
4.03 0.95706 0.756774
4.04 0.957017 0.754296
4.05 0.956974 0.750213
4.0600000000000005 0.956933 0.744143
4.07 0.956893 0.738096
4.08 0.956853 0.733882
4.09 0.956814 0.727202
4.1 0.956775 0.719026
4.11 0.956734 0.710109
4.12 0.956692 0.702262
4.13 0.956646 0.692579
4.14 0.956598 0.682678
4.15 0.956548 0.671891
4.16 0.956496 0.661605
4.17 0.966001 0.653253
4.18 0.965977 0.649683
4.19 0.965952 0.649483
4.2 0.965925 0.651907
4.21 0.965898 0.655034
4.22 0.96587 0.659558
4.23 0.965842 0.664839
4.24 0.965815 0.671949
4.25 0.965791 0.678236
4.26 0.965769 0.684814
4.2700000000000005 0.96575 0.69021
4.28 0.965734 0.695407
4.29 0.965723 0.699413
4.3 0.965717 0.702196
4.3100000000000005 0.965715 0.703352
4.32 0.96572 0.702216
4.33 0.965732 0.700784
4.34 0.965754 0.700651
4.3500000000000005 0.965787 0.699088
4.36 0.965835 0.697876
4.37 0.965901 0.697671
4.38 0.965988 0.696689
4.39 0.966098 0.696268
4.4 0.966233 0.696636
4.41 0.966394 0.696217
4.42 0.966579 0.694788
4.43 0.966785 0.693277
4.44 0.967007 0.690503
4.45 0.967233 0.689648
4.46 0.96745 0.688132
4.47 0.96764 0.684256
4.48 0.967783 0.679832
4.49 0.967851 0.673426
4.5 0.967817 0.665437
4.51 0.967652 0.655674
4.5200000000000005 0.967326 0.644521
4.53 0.966817 0.632658
4.54 0.966106 0.619787
4.55 0.965187 0.60495
4.5600000000000005 0.964068 0.588443
4.57 0.962775 0.570741
4.58 0.96135 0.551744
4.59 0.959859 0.531987
4.6000000000000005 0.95838 0.511779
4.61 0.957009 0.48978
4.62 0.955845 0.468135
4.63 0.954988 0.447442
4.64 0.954526 0.42572
4.65 0.954528 0.410106
4.66 0.955033 0.398559
4.67 0.956048 0.391111
4.68 0.95754 0.384252
4.69 0.959443 0.379843
4.7 0.961655 0.376236
4.71 0.964048 0.374912
4.72 0.966479 0.374553
4.73 0.9688 0.376301
4.74 0.97087 0.379178
4.75 0.972571 0.383503
4.76 0.973815 0.38847
4.7700000000000005 0.974552 0.395491
4.78 0.974772 0.40685
4.79 0.974502 0.42232
4.8 0.973802 0.439527
4.8100000000000005 0.972754 0.461657
4.82 0.971455 0.480399
4.83 0.970008 0.499342
4.84 0.968509 0.516136
4.8500000000000005 0.967047 0.531659
4.86 0.965692 0.547444
4.87 0.964496 0.562097
4.88 0.963494 0.574207
4.89 0.962698 0.586695
4.9 0.962109 0.597227
4.91 0.961713 0.607064
4.92 0.961486 0.616084
4.93 0.961401 0.624349
4.94 0.961428 0.629917
4.95 0.961538 0.634822
4.96 0.961705 0.637866
4.97 0.961906 0.639148
4.98 0.962122 0.640665
4.99 0.96234 0.641296
5.0 0.962548 0.642232
5.01 0.96274 0.642348
5.0200000000000005 0.962912 0.640828
5.03 0.963061 0.639289
5.04 0.963187 0.637101
5.05 0.963291 0.634702
5.0600000000000005 0.963372 0.633563
5.07 0.963434 0.631524
5.08 0.963477 0.630943
5.09 0.963503 0.630694
5.1000000000000005 0.963516 0.630596
5.11 0.963518 0.631307
5.12 0.96351 0.629771
5.13 0.963496 0.627955
5.14 0.963478 0.624749
5.15 0.963457 0.620547
5.16 0.963435 0.615384
5.17 0.963413 0.609258
5.18 0.963391 0.602267
5.19 0.96337 0.595146
5.2 0.963349 0.589022
5.21 0.963329 0.583061
5.22 0.963307 0.576513
5.23 0.963284 0.571137
5.24 0.96326 0.567358
5.25 0.963234 0.565771
5.26 0.963206 0.568039
5.2700000000000005 0.963177 0.573017
5.28 0.963147 0.578763
5.29 0.963116 0.583845
5.3 0.963086 0.589021
5.3100000000000005 0.963056 0.593963
5.32 0.963028 0.597594
5.33 0.963 0.602756
5.34 0.962974 0.605365
5.3500000000000005 0.962949 0.608156
5.36 0.962924 0.61017
5.37 0.962899 0.613088
5.38 0.962874 0.615645
5.39 0.962848 0.616578
5.4 0.96282 0.616501
5.41 0.96279 0.614598
5.42 0.96276 0.611118
5.43 0.96273 0.607477
5.44 0.962702 0.603306
5.45 0.962677 0.599356
5.46 0.962654 0.594162
5.47 0.962634 0.590428
5.48 0.962615 0.58677
5.49 0.962593 0.583845
5.5 0.962569 0.581585
5.51 0.96254 0.580075
5.5200000000000005 0.962508 0.580247
5.53 0.962476 0.581833
5.54 0.962444 0.584822
5.55 0.962416 0.58732
5.5600000000000005 0.96239 0.588963
5.57 0.962367 0.589518
5.58 0.962345 0.589332
5.59 0.962324 0.587738
5.6000000000000005 0.962302 0.587191
5.61 0.96228 0.587069
5.62 0.962256 0.586696
5.63 0.962232 0.586205
5.64 0.962206 0.585866
5.65 0.96218 0.58397
5.66 0.962153 0.581968
5.67 0.962126 0.579463
5.68 0.962098 0.575352
5.69 0.96207 0.572066
5.7 0.962043 0.569816
5.71 0.962015 0.56921
5.72 0.961988 0.569489
5.73 0.961962 0.570154
5.74 0.961937 0.570087
5.75 0.961913 0.568413
5.76 0.961889 0.565015
5.7700000000000005 0.961865 0.561502
5.78 0.961841 0.556598
5.79 0.961816 0.55145
5.8 0.961791 0.546238
5.8100000000000005 0.961764 0.541443
5.82 0.961735 0.536849
5.83 0.961705 0.530604
5.84 0.961672 0.52494
5.8500000000000005 0.961636 0.517111
5.86 0.961598 0.510898
5.87 0.961556 0.504083
5.88 0.961509 0.498302
5.89 0.961456 0.491355
5.9 0.961396 0.483865
5.91 0.961327 0.476252
5.92 0.961247 0.467716
5.93 0.961153 0.46092
5.94 0.961042 0.452668
5.95 0.960914 0.443864
5.96 0.960767 0.434583
5.97 0.960598 0.423787
5.98 0.960411 0.413328
5.99 0.960205 0.400336
6.0 0.959985 0.388164
6.01 0.959758 0.374416
6.0200000000000005 0.959533 0.360636
6.03 0.959321 0.345877
6.04 0.959139 0.330576
6.05 0.959004 0.314458
6.0600000000000005 0.958937 0.297719
6.07 0.958962 0.280109
6.08 0.9591 0.262395
6.09 0.959374 0.244328
6.1000000000000005 0.959802 0.224996
6.11 0.960394 0.205815
6.12 0.961154 0.185588
6.13 0.962072 0.165654
6.140000000000001 0.963126 0.145371
6.15 0.964277 0.124809
6.16 0.965473 0.104055
6.17 0.966649 0.083763
6.18 0.967728 0.064589
6.19 0.968629 0.047038
6.2 0.969274 0.031392
6.21 0.969592 0.018454
6.22 0.969526 0.008843
6.23 0.969044 0.004427
6.24 0.968142 0.004355
6.25 0.966846 0.004347
6.26 0.965212 0.004341
6.2700000000000005 0.963326 0.004337
6.28 0.961291 0.004339
6.29 0.959225 0.004346
6.3 0.957245 0.004356
6.3100000000000005 0.955464 0.004369
6.32 0.953973 0.00439
6.33 0.952843 0.004415
6.34 0.952118 0.005103
6.3500000000000005 0.95181 0.011029
6.36 0.951905 0.021379
6.37 0.952361 0.034798
6.38 0.953117 0.050806
6.390000000000001 0.9541 0.068678
6.4 0.955229 0.088043
6.41 0.956423 0.108174
6.42 0.95761 0.128615
6.43 0.958728 0.148777
6.44 0.959731 0.168788
6.45 0.960586 0.188719
6.46 0.961276 0.207651
6.47 0.961799 0.225848
6.48 0.96216 0.244318
6.49 0.962375 0.261118
6.5 0.962464 0.278107
6.51 0.962451 0.294062
6.5200000000000005 0.962359 0.309239
6.53 0.962209 0.323396
6.54 0.962021 0.337621
6.55 0.961811 0.350393
6.5600000000000005 0.961592 0.362487
6.57 0.961375 0.374476
6.58 0.961167 0.386094
6.59 0.960972 0.396194
6.6000000000000005 0.960794 0.405549
6.61 0.960635 0.41484
6.62 0.960494 0.422498
6.63 0.960373 0.429696
6.640000000000001 0.96027 0.435984
6.65 0.960183 0.442175
6.66 0.96011 0.448464
6.67 0.96005 0.454455
6.68 0.960001 0.460152
6.69 0.95996 0.46569
6.7 0.959924 0.47082
6.71 0.959893 0.476416
6.72 0.959863 0.481657
6.73 0.959835 0.486831
6.74 0.959807 0.492224
6.75 0.95978 0.496464
6.76 0.959752 0.500409
6.7700000000000005 0.959725 0.50325
6.78 0.959698 0.507201
6.79 0.959673 0.510471
6.8 0.959649 0.513967
6.8100000000000005 0.959626 0.515984
6.82 0.959605 0.51792
6.83 0.959586 0.516847
6.84 0.959567 0.516273
6.8500000000000005 0.959549 0.514744
6.86 0.95953 0.514584
6.87 0.959512 0.515063
6.88 0.959492 0.516487
6.890000000000001 0.959472 0.518027
6.9 0.959451 0.519851
6.91 0.959429 0.521932
6.92 0.959406 0.521786
6.93 0.959384 0.521166
6.94 0.959361 0.520799
6.95 0.959339 0.518948
6.96 0.959316 0.518035
6.97 0.959294 0.517367
6.98 0.959271 0.516426
6.99 0.959249 0.515321
7.0 0.959228 0.515018
7.01 0.959208 0.513756
7.0200000000000005 0.95919 0.510746
7.03 0.959173 0.508229
7.04 0.959158 0.505663
7.05 0.959143 0.503737
7.0600000000000005 0.959125 0.502929
7.07 0.959104 0.503442
7.08 0.95908 0.503089
7.09 0.959053 0.50316
7.1000000000000005 0.959025 0.503527
7.11 0.958998 0.505057
7.12 0.958973 0.507069
7.13 0.95895 0.509057
7.140000000000001 0.958929 0.510503
7.15 0.958909 0.511244
7.16 0.958889 0.512913
7.17 0.958869 0.513019
7.18 0.958847 0.511625
7.19 0.958825 0.509834
7.2 0.958802 0.506337
7.21 0.958779 0.504301
7.22 0.958756 0.502283
7.23 0.958733 0.500042
7.24 0.958711 0.496257
7.25 0.958689 0.493482
7.26 0.958668 0.490434
7.2700000000000005 0.958647 0.487242
7.28 0.958626 0.482608
7.29 0.958604 0.477972
7.3 0.958583 0.472458
7.3100000000000005 0.958561 0.469282
7.32 0.958539 0.467218
7.33 0.958516 0.46753
7.34 0.958494 0.468403
7.3500000000000005 0.958472 0.469706
7.36 0.958451 0.471989
7.37 0.95843 0.474402
7.38 0.958412 0.476171
7.390000000000001 0.958395 0.478223
7.4 0.95838 0.479759
7.41 0.958367 0.481467
7.42 0.958357 0.482656
7.43 0.958351 0.483326
7.44 0.958348 0.483495
7.45 0.95835 0.48279
7.46 0.958357 0.480913
7.47 0.958371 0.478908
7.48 0.958394 0.477756
7.49 0.958427 0.476702
7.5 0.958471 0.476536
7.51 0.95853 0.476974
7.5200000000000005 0.958603 0.476617
7.53 0.958691 0.476192
7.54 0.958796 0.475973
7.55 0.958914 0.475713
7.5600000000000005 0.959045 0.474264
7.57 0.959184 0.472812
7.58 0.959325 0.470806
7.59 0.95946 0.468844
7.6000000000000005 0.959577 0.467178
7.61 0.959665 0.46444
7.62 0.959707 0.461663
7.63 0.959687 0.456814
7.640000000000001 0.959586 0.451038
7.65 0.959386 0.444361
7.66 0.959072 0.436415
7.67 0.958629 0.428025
7.68 0.958052 0.419757
7.69 0.95734 0.410996
7.7 0.956503 0.401173
7.71 0.955562 0.39125
7.72 0.954551 0.380687
7.73 0.953514 0.369104
7.74 0.952505 0.357885
7.75 0.951586 0.345758
7.76 0.950822 0.333349
7.7700000000000005 0.950276 0.322763
7.78 0.950003 0.31171
7.79 0.950044 0.304725
7.8 0.950423 0.299043
7.8100000000000005 0.951143 0.294349
7.82 0.952182 0.290996
7.83 0.953498 0.288169
7.84 0.955025 0.286149
7.8500000000000005 0.956682 0.285102
7.86 0.958377 0.284571
7.87 0.960015 0.285358
7.88 0.961504 0.286814
7.890000000000001 0.962762 0.288498
7.9 0.963729 0.291417
7.91 0.964365 0.29498
7.92 0.964653 0.299829
7.930000000000001 0.964605 0.305886
7.94 0.96425 0.313659
7.95 0.963635 0.323947
7.96 0.962819 0.334979
7.97 0.961867 0.346067
7.98 0.960843 0.35555
7.99 0.959808 0.363657
8.0 0.958813 0.372294
8.01 0.9579 0.380993
8.02 0.957098 0.388367
8.03 0.956425 0.395097
8.040000000000001 0.955888 0.40231
8.05 0.955485 0.409096
8.06 0.955206 0.415467
8.07 0.955036 0.420897
8.08 0.954958 0.425756
8.09 0.954955 0.429417
8.1 0.955008 0.432077
8.11 0.955101 0.43398
8.120000000000001 0.95522 0.436097
8.13 0.955353 0.437585
8.14 0.955491 0.4389
8.15 0.955626 0.439608
8.16 0.955754 0.439476
8.17 0.95587 0.439053
8.18 0.955972 0.437898
8.19 0.95606 0.43661
8.2 0.956133 0.435742
8.21 0.95619 0.434556
8.22 0.956233 0.434231
8.23 0.956263 0.433516
8.24 0.956282 0.434004
8.25 0.95629 0.435562
8.26 0.956291 0.435975
8.27 0.956286 0.436298
8.28 0.956277 0.435903
8.290000000000001 0.956265 0.435173
8.3 0.956251 0.433507
8.31 0.956236 0.431831
8.32 0.956221 0.428847
8.33 0.956205 0.426242
8.34 0.956189 0.423628
8.35 0.956172 0.420796
8.36 0.956154 0.417617
8.370000000000001 0.956135 0.413594
8.38 0.956114 0.411337
8.39 0.956091 0.409221
8.4 0.956067 0.409159
8.41 0.956042 0.410999
8.42 0.956016 0.413252
8.43 0.95599 0.415448
8.44 0.955964 0.417152
8.45 0.955939 0.418568
8.46 0.955915 0.418732
8.47 0.955891 0.419074
8.48 0.955869 0.420583
8.49 0.955847 0.421604
8.5 0.955825 0.422005
8.51 0.955803 0.422512
8.52 0.955781 0.422584
8.53 0.955758 0.423336
8.540000000000001 0.955734 0.422355
8.55 0.955708 0.421571
8.56 0.955682 0.420493
8.57 0.955657 0.418742
8.58 0.955632 0.417228
8.59 0.955609 0.415158
8.6 0.955588 0.412998
8.61 0.955569 0.411667
8.620000000000001 0.95555 0.410817
8.63 0.95553 0.410454
8.64 0.955508 0.409659
8.65 0.955484 0.408149
8.66 0.955458 0.407089
8.67 0.955432 0.406429
8.68 0.955405 0.406819
8.69 0.95538 0.407087
8.700000000000001 0.955358 0.407166
8.71 0.955337 0.40748
8.72 0.955317 0.406564
8.73 0.955297 0.405
8.74 0.955278 0.404346
8.75 0.955257 0.404004
8.76 0.955236 0.404103
8.77 0.955214 0.404082
8.78 0.955191 0.403956
8.790000000000001 0.955168 0.402814
8.8 0.955144 0.401206
8.81 0.95512 0.398873
8.82 0.955097 0.395825
8.83 0.955073 0.392776
8.84 0.955049 0.391028
8.85 0.955026 0.389769
8.86 0.955003 0.38925
8.870000000000001 0.954981 0.38891
8.88 0.954959 0.388638
8.89 0.954937 0.386887
8.9 0.954914 0.384478
8.91 0.954892 0.381403
8.92 0.954868 0.377726
8.93 0.954844 0.374082
8.94 0.954818 0.371192
8.950000000000001 0.954791 0.368384
8.96 0.954762 0.365335
8.97 0.954732 0.361647
8.98 0.9547 0.357716
8.99 0.954665 0.352481
9.0 0.954628 0.347879
9.01 0.954587 0.343982
9.02 0.954543 0.34027
9.03 0.954493 0.336528
9.040000000000001 0.954436 0.332316
9.05 0.954372 0.327459
9.06 0.954299 0.322291
9.07 0.954216 0.316778
9.08 0.95412 0.31071
9.09 0.954013 0.304673
9.1 0.953893 0.297224
9.11 0.953761 0.290326
9.120000000000001 0.953618 0.282443
9.13 0.953467 0.273834
9.14 0.953313 0.264894
9.15 0.95316 0.255704
9.16 0.953017 0.245647
9.17 0.952892 0.235135
9.18 0.952798 0.224556
9.19 0.952746 0.212826
9.200000000000001 0.952751 0.201161
9.21 0.952827 0.189214
9.22 0.952987 0.176541
9.23 0.953245 0.163805
9.24 0.953608 0.151015
9.25 0.954082 0.137244
9.26 0.954665 0.123446
9.27 0.955346 0.109371
9.28 0.956106 0.094768
9.290000000000001 0.956919 0.080376
9.3 0.957746 0.066291
9.31 0.958542 0.052779
9.32 0.959259 0.040411
9.33 0.959843 0.029253
9.34 0.960245 0.019824
9.35 0.960418 0.012241
9.36 0.96033 0.00751
9.370000000000001 0.959961 0.006613
9.38 0.959309 0.006591
9.39 0.958391 0.006577
9.4 0.957244 0.006569
9.41 0.955923 0.006565
9.42 0.954494 0.006566
9.43 0.953034 0.006573
9.44 0.951619 0.006583
9.450000000000001 0.950323 0.006596
9.46 0.949209 0.006614
9.47 0.948328 0.006639
9.48 0.947712 0.006672
9.49 0.947378 0.007428
9.5 0.94732 0.011848
9.51 0.94752 0.019005
9.52 0.947942 0.02812
9.53 0.948542 0.038924
9.540000000000001 0.94927 0.051283
9.55 0.950072 0.064506
9.56 0.9509 0.07837
9.57 0.951708 0.092452
9.58 0.95246 0.106478
9.59 0.95313 0.120491
9.6 0.953699 0.13421
9.61 0.954159 0.146995
9.620000000000001 0.954508 0.159888
9.63 0.954753 0.172169
9.64 0.954903 0.183722
9.65 0.95497 0.195261
9.66 0.954969 0.20635
9.67 0.954914 0.216574
9.68 0.95482 0.226844
9.69 0.954697 0.236424
9.700000000000001 0.954556 0.244952
9.71 0.954407 0.253701
9.72 0.954256 0.261685
9.73 0.954108 0.269205
9.74 0.953967 0.275667
9.75 0.953835 0.282865
9.76 0.953716 0.288168
9.77 0.953609 0.293911
9.78 0.953514 0.298585
9.790000000000001 0.953432 0.303499
9.8 0.953362 0.307829
9.81 0.953301 0.31181
9.82 0.953249 0.315362
9.83 0.953204 0.318637
9.84 0.953165 0.321093
9.85 0.953129 0.324968
9.86 0.953097 0.328193
9.870000000000001 0.953066 0.332185
9.88 0.953036 0.335938
9.89 0.953007 0.337931
9.9 0.952979 0.340422
9.91 0.952951 0.342463
9.92 0.952925 0.344547
9.93 0.952899 0.346784
9.94 0.952875 0.349228
9.950000000000001 0.952853 0.351734
9.96 0.952832 0.353548
9.97 0.952812 0.353789
9.98 0.952793 0.35428
9.99 0.952774 0.354402
