0.0 0.977619 -0.022308
0.01 0.973221 -0.026705
0.02 0.969121 -0.030803
0.03 0.965574 -0.033925
0.04 0.962785 -0.032096
0.05 0.960887 -0.020699
0.06 0.959937 0.00101
0.07 0.959914 0.031691
0.08 0.960727 0.069002
0.09 0.962226 0.111354
0.1 0.964225 0.157242
0.11 0.966522 0.204899
0.12 0.968916 0.25325
0.13 0.971228 0.301946
0.14 0.973311 0.350507
0.15 0.975059 0.398447
0.16 0.976407 0.444956
0.17 0.977328 0.489948
0.18 0.977829 0.533609
0.19 0.977943 0.575435
0.2 0.977718 0.615784
0.21 0.977215 0.654301
0.22 0.976494 0.691105
0.23 0.975615 0.726382
0.24 0.974631 0.759832
0.25 0.973587 0.791833
0.26 0.972517 0.822248
0.27 0.971448 0.850216
0.28 0.970398 0.87695
0.29 0.969378 0.902255
0.3 0.968393 0.927031
0.31 0.967445 0.949666
0.32 0.966532 0.970327
0.33 0.965651 0.991474
0.34 0.964795 1.00958
0.35000000000000003 0.963962 1.026757
0.36 0.963146 1.041396
0.37 0.972314 1.060745
0.38 0.97187 1.073043
0.39 0.971423 1.083247
0.4 0.970971 1.093314
0.41000000000000003 0.970511 1.101171
0.42 0.970043 1.110867
0.43 0.969565 1.118169
0.44 0.969077 1.125995
0.45 0.968579 1.131186
0.46 0.968072 1.133654
0.47000000000000003 0.967556 1.137086
0.48 0.967032 1.142071
0.49 0.9665 1.146717
0.5 0.965962 1.15071
0.51 0.965417 1.153346
0.52 0.964866 1.15546
0.53 0.96431 1.155001
0.54 0.963749 1.152616
0.55 0.97324 1.153631
0.56 0.972944 1.148712
0.5700000000000001 0.972635 1.141891
0.58 0.972315 1.139199
0.59 0.971983 1.136249
0.6 0.97164 1.134986
0.61 0.971286 1.132604
0.62 0.970922 1.132573
0.63 0.970547 1.130623
0.64 0.970162 1.130259
0.65 0.969767 1.128903
0.66 0.969363 1.127257
0.67 0.968948 1.124709
0.68 0.968523 1.122309
0.6900000000000001 0.968087 1.12239
0.7000000000000001 0.967641 1.119924
0.71 0.967186 1.11473
0.72 0.966723 1.111001
0.73 0.966256 1.102474
0.74 0.965786 1.08873
0.75 0.965314 1.073259
0.76 0.964837 1.059004
0.77 0.964351 1.047384
0.78 0.963853 1.041853
0.79 0.963337 1.041452
0.8 0.962805 1.044226
0.81 0.962259 1.050638
0.8200000000000001 0.961705 1.061203
0.8300000000000001 0.961147 1.071411
0.84 0.960587 1.081461
0.85 0.960027 1.09059
0.86 0.959464 1.097195
0.87 0.958897 1.100959
0.88 0.958324 1.106137
0.89 0.957745 1.10655
0.9 0.957159 1.102065
0.91 0.956567 1.094478
0.92 0.955969 1.084403
0.93 0.965253 1.080756
0.9400000000000001 0.96482 1.072331
0.9500000000000001 0.96438 1.059918
0.96 0.963933 1.045149
0.97 0.963479 1.025816
0.98 0.963019 1.007084
0.99 0.962552 0.984897
1.0 0.96208 0.961112
1.01 0.961603 0.937757
1.02 0.961122 0.915712
1.03 0.960637 0.898411
1.04 0.960149 0.88969
1.05 0.959658 0.887934
1.06 0.959165 0.892587
1.07 0.958667 0.901114
1.08 0.958167 0.911874
1.09 0.957662 0.927844
1.1 0.957152 0.946628
1.11 0.956637 0.963269
1.12 0.956116 0.980356
1.1300000000000001 0.955591 0.993845
1.1400000000000001 0.964861 1.007092
1.1500000000000001 0.964461 1.017626
1.16 0.964056 1.023445
1.17 0.963653 1.026298
1.18 0.963256 1.027319
1.19 0.962869 1.026379
1.2 0.962497 1.026309
1.21 0.962144 1.023697
1.22 0.961813 1.020057
1.23 0.961507 1.017013
1.24 0.961227 1.015558
1.25 0.960975 1.013251
1.26 0.960751 1.012661
1.27 0.960557 1.013602
1.28 0.960391 1.015121
1.29 0.960252 1.015637
1.3 0.960135 1.013695
1.31 0.960032 1.013209
1.32 0.95993 1.009276
1.33 0.95981 1.004903
1.34 0.959646 0.999133
1.35 0.959405 0.991599
1.36 0.959044 0.981935
1.37 0.95852 0.969398
1.3800000000000001 0.957782 0.953685
1.3900000000000001 0.956787 0.937172
1.4000000000000001 0.955497 0.915859
1.41 0.953889 0.891989
1.42 0.95196 0.86412
1.43 0.949738 0.832273
1.44 0.947278 0.797625
1.45 0.954489 0.763082
1.46 0.952039 0.723494
1.47 0.949715 0.679699
1.48 0.947679 0.639351
1.49 0.946089 0.597401
1.5 0.945093 0.556484
1.51 0.944804 0.521088
1.52 0.94529 0.494294
1.53 0.946564 0.478487
1.54 0.948578 0.469045
1.55 0.951222 0.464073
1.56 0.954333 0.461943
1.57 0.957707 0.465486
1.58 0.961115 0.467197
1.59 0.964321 0.473614
1.6 0.967111 0.481698
1.61 0.969307 0.491701
1.62 0.970783 0.506864
1.6300000000000001 0.971481 0.530476
1.6400000000000001 0.971404 0.559372
1.6500000000000001 0.970616 0.594613
1.6600000000000001 0.969227 0.628267
1.67 0.967378 0.665578
1.68 0.965228 0.698421
1.69 0.962936 0.730181
1.7 0.960648 0.75969
1.71 0.958487 0.786224
1.72 0.956549 0.81044
1.73 0.954897 0.833506
1.74 0.953563 0.852642
1.75 0.952553 0.868352
1.76 0.951849 0.882705
1.77 0.951418 0.895133
1.78 0.951216 0.90551
1.79 0.951195 0.914245
1.8 0.951305 0.92034
1.81 0.951501 0.924806
1.82 0.951743 0.927392
1.83 0.952 0.927627
1.84 0.952247 0.929866
1.85 0.952466 0.928053
1.86 0.952646 0.926381
1.87 0.952781 0.922325
1.8800000000000001 0.952871 0.919616
1.8900000000000001 0.952918 0.917483
1.9000000000000001 0.952926 0.91499
1.9100000000000001 0.9529 0.912904
1.92 0.952847 0.912142
1.93 0.952771 0.911222
1.94 0.952678 0.912232
1.95 0.952573 0.911153
1.96 0.952459 0.908463
1.97 0.952339 0.907099
1.98 0.952214 0.902285
1.99 0.952087 0.895071
2.0 0.951958 0.886124
2.0100000000000002 0.951828 0.874486
2.02 0.951697 0.861155
2.0300000000000002 0.951565 0.845941
2.04 0.951432 0.827723
2.05 0.951298 0.810997
2.06 0.951161 0.794013
2.07 0.951021 0.779385
2.08 0.950878 0.767938
2.09 0.960289 0.767253
2.1 0.960183 0.762145
2.11 0.960081 0.762902
2.12 0.959982 0.770502
2.13 0.959886 0.782453
2.14 0.959793 0.796984
2.15 0.9597 0.810538
2.16 0.959607 0.824085
2.17 0.959513 0.837504
2.18 0.959418 0.849286
2.19 0.959321 0.860784
2.2 0.959221 0.868279
2.21 0.959119 0.8741
2.22 0.959014 0.87858
2.23 0.958907 0.8838
2.24 0.958798 0.888674
2.25 0.958686 0.889927
2.2600000000000002 0.958573 0.887928
2.27 0.958457 0.884892
2.2800000000000002 0.958341 0.879234
2.29 0.958226 0.87145
2.3000000000000003 0.958113 0.86301
2.31 0.958004 0.85229
2.32 0.957898 0.840614
2.33 0.957794 0.830999
2.34 0.957689 0.821858
2.35 0.957578 0.815571
2.36 0.957459 0.811519
2.37 0.957333 0.810008
2.38 0.9572 0.812731
2.39 0.957066 0.819368
2.4 0.956934 0.828104
2.41 0.956805 0.834592
2.42 0.956681 0.8399
2.43 0.95656 0.842444
2.44 0.95644 0.842403
2.45 0.95632 0.841311
2.46 0.956199 0.839478
2.47 0.956078 0.838921
2.48 0.955956 0.836818
2.49 0.955834 0.835355
2.5 0.955714 0.833836
2.5100000000000002 0.955597 0.831746
2.52 0.955484 0.829345
2.5300000000000002 0.955374 0.825667
2.54 0.955268 0.822344
2.5500000000000003 0.955165 0.819689
2.56 0.955066 0.817775
2.57 0.95497 0.819689
2.58 0.954875 0.819772
2.59 0.95478 0.821254
2.6 0.954684 0.82102
2.61 0.954587 0.819734
2.62 0.954488 0.816295
2.63 0.954387 0.812196
2.64 0.954284 0.806503
2.65 0.95418 0.798919
2.66 0.954076 0.791722
2.67 0.953971 0.786694
2.68 0.953867 0.780593
2.69 0.953763 0.7722
2.7 0.953659 0.76518
2.71 0.953555 0.756504
2.72 0.953448 0.746964
2.73 0.953337 0.736985
2.74 0.953219 0.727513
2.75 0.953091 0.716205
2.7600000000000002 0.952951 0.705283
2.77 0.952793 0.69358
2.7800000000000002 0.952616 0.678696
2.79 0.96228 0.666979
2.8000000000000003 0.962117 0.652567
2.81 0.961924 0.636369
2.82 0.961698 0.620913
2.83 0.961437 0.602854
2.84 0.961142 0.586017
2.85 0.960814 0.566838
2.86 0.960457 0.547847
2.87 0.960078 0.527073
2.88 0.959689 0.505514
2.89 0.959304 0.483768
2.9 0.958944 0.460674
2.91 0.958634 0.437424
2.92 0.958403 0.412405
2.93 0.958286 0.386777
2.94 0.958319 0.360678
2.95 0.958539 0.33369
2.96 0.958979 0.30593
2.97 0.959665 0.278152
2.98 0.960609 0.249902
2.99 0.961809 0.221096
3.0 0.963237 0.192699
3.0100000000000002 0.964845 0.163928
3.02 0.966559 0.135407
3.0300000000000002 0.96828 0.107482
3.04 0.969893 0.079836
3.0500000000000003 0.971272 0.053352
3.06 0.97229 0.029046
3.0700000000000003 0.972833 0.007588
3.08 0.972808 -0.009926
3.09 0.972161 -0.022273
3.1 0.970881 -0.026712
3.11 0.969006 -0.028615
3.12 0.966628 -0.031006
3.13 0.963879 -0.033741
3.14 0.960925 -0.036678
3.15 0.95795 -0.039646
3.16 0.955137 -0.042466
3.17 0.952654 -0.044938
3.18 0.950639 -0.046919
3.19 0.949192 -0.047514
3.2 0.948363 -0.039803
3.21 0.94816 -0.024871
3.22 0.94854 -0.00442
3.23 0.949427 0.020274
3.24 0.950714 0.048502
3.25 0.952278 0.078519
3.2600000000000002 0.953992 0.109535
3.27 0.955734 0.141627
3.2800000000000002 0.9574 0.173309
3.29 0.958907 0.204297
3.3000000000000003 0.960196 0.234661
3.31 0.961233 0.264808
3.3200000000000003 0.962008 0.293349
3.33 0.96253 0.320294
3.34 0.962821 0.346586
3.35 0.962916 0.371062
3.36 0.962851 0.395235
3.37 0.962666 0.417519
3.38 0.962399 0.439197
3.39 0.962083 0.459898
3.4 0.961743 0.479404
3.41 0.961401 0.497855
3.42 0.961071 0.51531
3.43 0.960764 0.532737
3.44 0.960484 0.548803
3.45 0.960233 0.563653
3.46 0.960011 0.577652
3.47 0.959816 0.592495
3.48 0.959647 0.604556
3.49 0.9595 0.617243
3.5 0.959373 0.628829
3.5100000000000002 0.959265 0.64
3.52 0.959173 0.650085
3.5300000000000002 0.959096 0.659893
3.54 0.959031 0.668708
3.5500000000000003 0.958977 0.676227
3.56 0.958932 0.684144
3.5700000000000003 0.958894 0.690742
3.58 0.95886 0.697555
3.59 0.958829 0.703807
3.6 0.958798 0.708195
3.61 0.958767 0.713382
3.62 0.958733 0.718316
3.63 0.958696 0.721386
3.64 0.958656 0.726451
3.65 0.958612 0.730191
3.66 0.958566 0.733715
3.67 0.958517 0.734464
3.68 0.958468 0.734656
3.69 0.958418 0.732837
3.7 0.95837 0.730364
3.71 0.958324 0.727074
3.72 0.958281 0.726065
3.73 0.95824 0.724893
3.74 0.958201 0.72558
3.75 0.958164 0.725724
3.7600000000000002 0.958128 0.727216
3.77 0.958093 0.728073
3.7800000000000002 0.958056 0.72762
3.79 0.958019 0.726985
3.8000000000000003 0.95798 0.7261
3.81 0.957939 0.723622
3.8200000000000003 0.957897 0.722096
3.83 0.957852 0.721918
3.84 0.957807 0.719904
3.85 0.957763 0.717576
3.86 0.95772 0.715493
3.87 0.957682 0.710891
3.88 0.957649 0.703517
3.89 0.957621 0.696614
3.9 0.957597 0.689719
3.91 0.957574 0.684644
3.92 0.957548 0.682644
3.93 0.957516 0.682691
3.94 0.957477 0.683861
3.95 0.957432 0.685853
3.96 0.957383 0.689183
3.97 0.957334 0.693833
3.98 0.957285 0.698618
3.99 0.957238 0.704375
4.0 0.957193 0.708158
4.01 0.957148 0.710657
4.0200000000000005 0.957104 0.713817
4.03 0.95706 0.713835
4.04 0.957017 0.711313
4.05 0.956974 0.707188
4.0600000000000005 0.956933 0.701076
4.07 0.956893 0.694989
4.08 0.956853 0.690736
4.09 0.956814 0.684017
4.1 0.956775 0.675802
4.11 0.956734 0.666844
4.12 0.956692 0.658954
4.13 0.956646 0.649226
4.14 0.956598 0.639277
4.15 0.956548 0.628439
4.16 0.956496 0.618101
4.17 0.966001 0.619254
4.18 0.965977 0.61566
4.19 0.965952 0.615436
4.2 0.965925 0.617833
4.21 0.965898 0.620932
4.22 0.96587 0.625428
4.23 0.965842 0.630681
4.24 0.965815 0.637765
4.25 0.965791 0.644027
4.26 0.965769 0.650583
4.2700000000000005 0.96575 0.65596
4.28 0.965734 0.661142
4.29 0.965723 0.665137
4.3 0.965717 0.667913
4.3100000000000005 0.965715 0.669068
4.32 0.96572 0.667936
4.33 0.965732 0.666517
4.34 0.965754 0.666405
4.3500000000000005 0.965787 0.664876
4.36 0.965835 0.663712
4.37 0.965901 0.663572
4.38 0.965988 0.662677
4.39 0.966098 0.662367
4.4 0.966233 0.662869
4.41 0.966394 0.662611
4.42 0.966579 0.661368
4.43 0.966785 0.660063
4.44 0.967007 0.65751
4.45 0.967233 0.656881
4.46 0.96745 0.655582
4.47 0.96764 0.651896
4.48 0.967783 0.647615
4.49 0.967851 0.641278
4.5 0.967817 0.633255
4.51 0.967652 0.623326
4.5200000000000005 0.967326 0.611848
4.53 0.966817 0.599475
4.54 0.966106 0.585894
4.55 0.965187 0.570138
4.5600000000000005 0.964068 0.552512
4.57 0.962775 0.533516
4.58 0.96135 0.513095
4.59 0.959859 0.491846
4.6000000000000005 0.95838 0.47016
4.61 0.957009 0.446789
4.62 0.955845 0.42398
4.63 0.954988 0.40243
4.64 0.954526 0.380246
4.65 0.954528 0.364634
4.66 0.955033 0.353593
4.67 0.956048 0.347159
4.68 0.95754 0.341793
4.69 0.959443 0.339287
4.7 0.961655 0.337892
4.71 0.964048 0.338961
4.72 0.966479 0.341033
4.73 0.9688 0.345102
4.74 0.97087 0.350049
4.75 0.972571 0.356075
4.76 0.973815 0.362285
4.7700000000000005 0.974552 0.370043
4.78 0.974772 0.381622
4.79 0.974502 0.396823
4.8 0.973802 0.413329
4.8100000000000005 0.972754 0.434411
4.82 0.971455 0.451854
4.83 0.970008 0.46935
4.84 0.968509 0.484646
4.8500000000000005 0.967047 0.498706
4.86 0.965692 0.513136
4.87 0.964496 0.526594
4.88 0.963494 0.537701
4.89 0.962698 0.549394
4.9 0.962109 0.559337
4.91 0.961713 0.568777
4.92 0.961486 0.57757
4.93 0.961401 0.58575
4.94 0.961428 0.591345
4.95 0.961538 0.596361
4.96 0.961705 0.599572
4.97 0.961906 0.601055
4.98 0.962122 0.602788
4.99 0.96234 0.603636
5.0 0.962548 0.604781
5.01 0.96274 0.605089
5.0200000000000005 0.962912 0.603741
5.03 0.963061 0.602351
5.04 0.963187 0.600289
5.05 0.963291 0.597993
5.0600000000000005 0.963372 0.596936
5.07 0.963434 0.594958
5.08 0.963477 0.594421
5.09 0.963503 0.594198
5.1000000000000005 0.963516 0.594112
5.11 0.963518 0.594825
5.12 0.96351 0.593282
5.13 0.963496 0.591451
5.14 0.963478 0.588227
5.15 0.963457 0.584004
5.16 0.963435 0.578819
5.17 0.963413 0.572671
5.18 0.963391 0.565658
5.19 0.96337 0.558516
5.2 0.963349 0.552372
5.21 0.963329 0.54639
5.22 0.963307 0.539821
5.23 0.963284 0.534422
5.24 0.96326 0.530619
5.25 0.963234 0.529005
5.26 0.963206 0.531246
5.2700000000000005 0.963177 0.536195
5.28 0.963147 0.541911
5.29 0.963116 0.546962
5.3 0.963086 0.552107
5.3100000000000005 0.963056 0.55702
5.32 0.963028 0.560622
5.33 0.963 0.565756
5.34 0.962974 0.56834
5.3500000000000005 0.962949 0.571106
5.36 0.962924 0.573094
5.37 0.962899 0.575988
5.38 0.962874 0.578519
5.39 0.962848 0.579426
5.4 0.96282 0.579321
5.41 0.96279 0.577388
5.42 0.96276 0.573878
5.43 0.96273 0.570208
5.44 0.962702 0.566009
5.45 0.962677 0.562033
5.46 0.962654 0.556817
5.47 0.962634 0.553063
5.48 0.962615 0.549385
5.49 0.962593 0.546439
5.5 0.962569 0.544154
5.51 0.96254 0.542615
5.5200000000000005 0.962508 0.542756
5.53 0.962476 0.544309
5.54 0.962444 0.547267
5.55 0.962416 0.549736
5.5600000000000005 0.96239 0.551353
5.57 0.962367 0.551885
5.58 0.962345 0.551677
5.59 0.962324 0.550062
5.6000000000000005 0.962302 0.549494
5.61 0.96228 0.54935
5.62 0.962256 0.548953
5.63 0.962232 0.548437
5.64 0.962206 0.548073
5.65 0.96218 0.546151
5.66 0.962153 0.544122
5.67 0.962126 0.541589
5.68 0.962098 0.53745
5.69 0.96207 0.534137
5.7 0.962043 0.531859
5.71 0.962015 0.531226
5.72 0.961988 0.531478
5.73 0.961962 0.532117
5.74 0.961937 0.532025
5.75 0.961913 0.530326
5.76 0.961889 0.526904
5.7700000000000005 0.961865 0.523368
5.78 0.961841 0.51844
5.79 0.961816 0.513267
5.8 0.961791 0.508029
5.8100000000000005 0.961764 0.503207
5.82 0.961735 0.498585
5.83 0.961705 0.492309
5.84 0.961672 0.486612
5.8500000000000005 0.961636 0.478748
5.86 0.961598 0.472497
5.87 0.961556 0.465639
5.88 0.961509 0.459811
5.89 0.961456 0.452812
5.9 0.961396 0.445261
5.91 0.961327 0.43758
5.92 0.961247 0.428963
5.93 0.961153 0.422074
5.94 0.961042 0.413711
5.95 0.960914 0.404779
5.96 0.960767 0.395351
5.97 0.960598 0.384386
5.98 0.960411 0.373739
5.99 0.960205 0.360541
6.0 0.959985 0.34815
6.01 0.959758 0.334174
6.0200000000000005 0.959533 0.32017
6.03 0.959321 0.305198
6.04 0.959139 0.289715
6.05 0.959004 0.273463
6.0600000000000005 0.958937 0.256657
6.07 0.958962 0.239071
6.08 0.9591 0.221496
6.09 0.959374 0.203703
6.1000000000000005 0.959802 0.184799
6.11 0.960394 0.16621
6.12 0.961154 0.146742
6.13 0.962072 0.127727
6.140000000000001 0.963126 0.108497
6.15 0.964277 0.089086
6.16 0.965473 0.069529
6.17 0.966649 0.050412
6.18 0.967728 0.032318
6.19 0.968629 0.015668
6.2 0.969274 0.000667
6.21 0.969592 -0.011953
6.22 0.969526 -0.02163
6.23 0.969044 -0.026527
6.24 0.968142 -0.027501
6.25 0.966846 -0.028805
6.26 0.965212 -0.030445
6.2700000000000005 0.963326 -0.032336
6.28 0.961291 -0.034369
6.29 0.959225 -0.036428
6.3 0.957245 -0.038397
6.3100000000000005 0.955464 -0.040166
6.32 0.953973 -0.041636
6.33 0.952843 -0.04274
6.34 0.952118 -0.042777
6.3500000000000005 0.95181 -0.037159
6.36 0.951905 -0.026715
6.37 0.952361 -0.012839
6.38 0.953117 0.003924
6.390000000000001 0.9541 0.022779
6.4 0.955229 0.043273
6.41 0.956423 0.064597
6.42 0.95761 0.086226
6.43 0.958728 0.107506
6.44 0.959731 0.128519
6.45 0.960586 0.149305
6.46 0.961276 0.168928
6.47 0.961799 0.187647
6.48 0.96216 0.206478
6.49 0.962375 0.223493
6.5 0.962464 0.240572
6.51 0.962451 0.256513
6.5200000000000005 0.962359 0.271598
6.53 0.962209 0.285605
6.54 0.962021 0.299642
6.55 0.961811 0.312205
6.5600000000000005 0.961592 0.32408
6.57 0.961375 0.335852
6.58 0.961167 0.347262
6.59 0.960972 0.357166
6.6000000000000005 0.960794 0.366344
6.61 0.960635 0.375476
6.62 0.960494 0.382993
6.63 0.960373 0.39007
6.640000000000001 0.96027 0.396254
6.65 0.960183 0.402358
6.66 0.96011 0.408575
6.67 0.96005 0.414506
6.68 0.960001 0.420154
6.69 0.95996 0.42565
6.7 0.959924 0.430744
6.71 0.959893 0.436309
6.72 0.959863 0.441521
6.73 0.959835 0.446667
6.74 0.959807 0.452032
6.75 0.95978 0.456244
6.76 0.959752 0.460162
6.7700000000000005 0.959725 0.462975
6.78 0.959698 0.4669
6.79 0.959673 0.470144
6.8 0.959649 0.473616
6.8100000000000005 0.959626 0.475611
6.82 0.959605 0.477525
6.83 0.959586 0.476433
6.84 0.959567 0.475841
6.8500000000000005 0.959549 0.474293
6.86 0.95953 0.474115
6.87 0.959512 0.474575
6.88 0.959492 0.47598
6.890000000000001 0.959472 0.4775
6.9 0.959451 0.479302
6.91 0.959429 0.481361
6.92 0.959406 0.481193
6.93 0.959384 0.48055
6.94 0.959361 0.480161
6.95 0.959339 0.478287
6.96 0.959316 0.477352
6.97 0.959294 0.476661
6.98 0.959271 0.475698
6.99 0.959249 0.47457
7.0 0.959228 0.474246
7.01 0.959208 0.472964
7.0200000000000005 0.95919 0.469936
7.03 0.959173 0.467403
7.04 0.959158 0.464822
7.05 0.959143 0.462881
7.0600000000000005 0.959125 0.462055
7.07 0.959104 0.462547
7.08 0.95908 0.462169
7.09 0.959053 0.462214
7.1000000000000005 0.959025 0.462553
7.11 0.958998 0.464055
7.12 0.958973 0.466042
7.13 0.95895 0.468008
7.140000000000001 0.958929 0.469433
7.15 0.958909 0.470154
7.16 0.958889 0.471803
7.17 0.958869 0.471888
7.18 0.958847 0.470473
7.19 0.958825 0.468659
7.2 0.958802 0.465139
7.21 0.958779 0.463081
7.22 0.958756 0.461039
7.23 0.958733 0.458776
7.24 0.958711 0.454969
7.25 0.958689 0.452171
7.26 0.958668 0.449102
7.2700000000000005 0.958647 0.445889
7.28 0.958626 0.441234
7.29 0.958604 0.436576
7.3 0.958583 0.431041
7.3100000000000005 0.958561 0.427843
7.32 0.958539 0.425757
7.33 0.958516 0.426047
7.34 0.958494 0.426897
7.3500000000000005 0.958472 0.428179
7.36 0.958451 0.430441
7.37 0.95843 0.432833
7.38 0.958412 0.434583
7.390000000000001 0.958395 0.436618
7.4 0.95838 0.438139
7.41 0.958367 0.439834
7.42 0.958357 0.441014
7.43 0.958351 0.441677
7.44 0.958348 0.441843
7.45 0.95835 0.44114
7.46 0.958357 0.43927
7.47 0.958371 0.437279
7.48 0.958394 0.43615
7.49 0.958427 0.43513
7.5 0.958471 0.435007
7.51 0.95853 0.435504
7.5200000000000005 0.958603 0.43522
7.53 0.958691 0.434884
7.54 0.958796 0.434769
7.55 0.958914 0.434628
7.5600000000000005 0.959045 0.43331
7.57 0.959184 0.431996
7.58 0.959325 0.430132
7.59 0.95946 0.428305
7.6000000000000005 0.959577 0.426756
7.61 0.959665 0.424105
7.62 0.959707 0.421371
7.63 0.959687 0.416501
7.640000000000001 0.959586 0.410624
7.65 0.959386 0.403748
7.66 0.959072 0.395487
7.67 0.958629 0.386655
7.68 0.958052 0.377809
7.69 0.95734 0.368336
7.7 0.956503 0.357677
7.71 0.955562 0.346813
7.72 0.954551 0.335238
7.73 0.953514 0.322619
7.74 0.952505 0.31039
7.75 0.951586 0.297345
7.76 0.950822 0.284172
7.7700000000000005 0.950276 0.273039
7.78 0.950003 0.261714
7.79 0.950044 0.25477
7.8 0.950423 0.249467
7.8100000000000005 0.951143 0.245493
7.82 0.952182 0.243179
7.83 0.953498 0.241668
7.84 0.955025 0.241174
7.8500000000000005 0.956682 0.241785
7.86 0.958377 0.242949
7.87 0.960015 0.245373
7.88 0.961504 0.248318
7.890000000000001 0.962762 0.251261
7.9 0.963729 0.255146
7.91 0.964365 0.259345
7.92 0.964653 0.264483
7.930000000000001 0.964605 0.270492
7.94 0.96425 0.277909
7.95 0.963635 0.287582
7.96 0.962819 0.297798
7.97 0.961867 0.307934
7.98 0.960843 0.316393
7.99 0.959808 0.323465
8.0 0.958813 0.331107
8.01 0.9579 0.338893
8.02 0.957098 0.345466
8.03 0.956425 0.351523
8.040000000000001 0.955888 0.358199
8.05 0.955485 0.364582
8.06 0.955206 0.370674
8.07 0.955036 0.375933
8.08 0.954958 0.380715
8.09 0.954955 0.384372
8.1 0.955008 0.387086
8.11 0.955101 0.389081
8.120000000000001 0.95522 0.391317
8.13 0.955353 0.392938
8.14 0.955491 0.394392
8.15 0.955626 0.395234
8.16 0.955754 0.39523
8.17 0.95587 0.394923
8.18 0.955972 0.393871
8.19 0.95606 0.392671
8.2 0.956133 0.391875
8.21 0.95619 0.390746
8.22 0.956233 0.390464
8.23 0.956263 0.389779
8.24 0.956282 0.390286
8.25 0.95629 0.391853
8.26 0.956291 0.392267
8.27 0.956286 0.392585
8.28 0.956277 0.39218
8.290000000000001 0.956265 0.391438
8.3 0.956251 0.389758
8.31 0.956236 0.388068
8.32 0.956221 0.385069
8.33 0.956205 0.382447
8.34 0.956189 0.379818
8.35 0.956172 0.376969
8.36 0.956154 0.373772
8.370000000000001 0.956135 0.36973
8.38 0.956114 0.367451
8.39 0.956091 0.365313
8.4 0.956067 0.365227
8.41 0.956042 0.367041
8.42 0.956016 0.369268
8.43 0.95599 0.371438
8.44 0.955964 0.373117
8.45 0.955939 0.374508
8.46 0.955915 0.374647
8.47 0.955891 0.374965
8.48 0.955869 0.376452
8.49 0.955847 0.377452
8.5 0.955825 0.37783
8.51 0.955803 0.378316
8.52 0.955781 0.378365
8.53 0.955758 0.379095
8.540000000000001 0.955734 0.378089
8.55 0.955708 0.37728
8.56 0.955682 0.376176
8.57 0.955657 0.374399
8.58 0.955632 0.37286
8.59 0.955609 0.370768
8.6 0.955588 0.368586
8.61 0.955569 0.367236
8.620000000000001 0.95555 0.366367
8.63 0.95553 0.365985
8.64 0.955508 0.365168
8.65 0.955484 0.363634
8.66 0.955458 0.362548
8.67 0.955432 0.361861
8.68 0.955405 0.362225
8.69 0.95538 0.362468
8.700000000000001 0.955358 0.362525
8.71 0.955337 0.362818
8.72 0.955317 0.361881
8.73 0.955297 0.360298
8.74 0.955278 0.359624
8.75 0.955257 0.359262
8.76 0.955236 0.35934
8.77 0.955214 0.359297
8.78 0.955191 0.359147
8.790000000000001 0.955168 0.357982
8.8 0.955144 0.356351
8.81 0.95512 0.353994
8.82 0.955097 0.350922
8.83 0.955073 0.347849
8.84 0.955049 0.346078
8.85 0.955026 0.344795
8.86 0.955003 0.344254
8.870000000000001 0.954981 0.343891
8.88 0.954959 0.343597
8.89 0.954937 0.341824
8.9 0.954914 0.339393
8.91 0.954892 0.336296
8.92 0.954868 0.332595
8.93 0.954844 0.328926
8.94 0.954818 0.326011
8.950000000000001 0.954791 0.323176
8.96 0.954762 0.320098
8.97 0.954732 0.316379
8.98 0.9547 0.312416
8.99 0.954665 0.307147
9.0 0.954628 0.302507
9.01 0.954587 0.29857
9.02 0.954543 0.294813
9.03 0.954493 0.291021
9.040000000000001 0.954436 0.286753
9.05 0.954372 0.281832
9.06 0.954299 0.276591
9.07 0.954216 0.270994
9.08 0.95412 0.264831
9.09 0.954013 0.258687
9.1 0.953893 0.251117
9.11 0.953761 0.244087
9.120000000000001 0.953618 0.236061
9.13 0.953467 0.227302
9.14 0.953313 0.218207
9.15 0.95316 0.208864
9.16 0.953017 0.198664
9.17 0.952892 0.188028
9.18 0.952798 0.177355
9.19 0.952746 0.165573
9.200000000000001 0.952751 0.153912
9.21 0.952827 0.142041
9.22 0.952987 0.129528
9.23 0.953245 0.11705
9.24 0.953608 0.104624
9.25 0.954082 0.091327
9.26 0.954665 0.078111
9.27 0.955346 0.064718
9.28 0.956106 0.050875
9.290000000000001 0.956919 0.037295
9.3 0.957746 0.024037
9.31 0.958542 0.011322
9.32 0.959259 -0.000328
9.33 0.959843 -0.010902
9.34 0.960245 -0.01993
9.35 0.960418 -0.02734
9.36 0.96033 -0.032158
9.370000000000001 0.959961 -0.033425
9.38 0.959309 -0.034098
9.39 0.958391 -0.035031
9.4 0.957244 -0.036186
9.41 0.955923 -0.037511
9.42 0.954494 -0.038938
9.43 0.953034 -0.040392
9.44 0.951619 -0.041796
9.450000000000001 0.950323 -0.04308
9.46 0.949209 -0.044176
9.47 0.948328 -0.045032
9.48 0.947712 -0.045614
9.49 0.947378 -0.045193
9.5 0.94732 -0.040831
9.51 0.94752 -0.033473
9.52 0.947942 -0.023937
9.53 0.948542 -0.012532
9.540000000000001 0.94927 0.000553
9.55 0.950072 0.014579
9.56 0.9509 0.02927
9.57 0.951708 0.044161
9.58 0.95246 0.058939
9.59 0.95313 0.073621
9.6 0.953699 0.087909
9.61 0.954159 0.101155
9.620000000000001 0.954508 0.114397
9.63 0.954753 0.126923
9.64 0.954903 0.138625
9.65 0.95497 0.150232
9.66 0.954969 0.16132
9.67 0.954914 0.171489
9.68 0.95482 0.181664
9.69 0.954697 0.191121
9.700000000000001 0.954556 0.199509
9.71 0.954407 0.208109
9.72 0.954256 0.215941
9.73 0.954108 0.223313
9.74 0.953967 0.229634
9.75 0.953835 0.236701
9.76 0.953716 0.241884
9.77 0.953609 0.247521
9.78 0.953514 0.2521
9.790000000000001 0.953432 0.256932
9.8 0.953362 0.261191
9.81 0.953301 0.265112
9.82 0.953249 0.268611
9.83 0.953204 0.271841
9.84 0.953165 0.274258
9.85 0.953129 0.278098
9.86 0.953097 0.28129
9.870000000000001 0.953066 0.285251
9.88 0.953036 0.288975
9.89 0.953007 0.290938
9.9 0.952979 0.293401
9.91 0.952951 0.295414
9.92 0.952925 0.297472
9.93 0.952899 0.299684
9.94 0.952875 0.302104
9.950000000000001 0.952853 0.304587
9.96 0.952832 0.30638
9.97 0.952812 0.306601
9.98 0.952793 0.307073
9.99 0.952774 0.307177
