0.0 0.977619 -0.022308
0.01 0.973321 -0.026605
0.02 0.969322 -0.030602
0.03 0.96588 -0.033619
0.04 0.963198 -0.031678
0.05 0.961412 -0.020154
0.06 0.960579 0.001704
0.07 0.960681 0.032566
0.08 0.961625 0.070087
0.09 0.963265 0.112685
0.1 0.965414 0.158896
0.11 0.967872 0.206852
0.12 0.970437 0.255591
0.13 0.972931 0.304745
0.14 0.975208 0.35376
0.15 0.977161 0.402269
0.16 0.978725 0.449343
0.17 0.979875 0.494969
0.18 0.980616 0.539363
0.19 0.980983 0.581842
0.2 0.981025 0.623031
0.21 0.980801 0.662332
0.22 0.980372 0.700001
0.23 0.979799 0.736052
0.24 0.979133 0.770497
0.25 0.978418 0.803367
0.26 0.97769 0.835001
0.27 0.976973 0.863899
0.28 0.976285 0.891543
0.29 0.975635 0.917984
0.3 0.975029 0.943751
0.31 0.974466 0.96757
0.32 0.973945 0.989074
0.33 0.97346 1.011311
0.34 0.973007 1.03061
0.35000000000000003 0.972581 1.048749
0.36 0.972176 1.064589
0.37 0.971787 1.079484
0.38 0.97141 1.092647
0.39 0.971042 1.103796
0.4 0.97068 1.114565
0.41000000000000003 0.970321 1.123465
0.42 0.969964 1.134205
0.43 0.969608 1.142438
0.44 0.969251 1.151362
0.45 0.968893 1.157683
0.46 0.968533 1.160993
0.47000000000000003 0.968172 1.165324
0.48 0.967809 1.171219
0.49 0.967444 1.176882
0.5 0.967077 1.181647
0.51 0.966708 1.185411
0.52 0.976324 1.193162
0.53 0.976221 1.193252
0.54 0.976114 1.192142
0.55 0.976001 1.188209
0.56 0.975883 1.184329
0.5700000000000001 0.97576 1.178417
0.58 0.975632 1.176659
0.59 0.975499 1.175105
0.6 0.975361 1.174798
0.61 0.975218 1.173146
0.62 0.97507 1.174292
0.63 0.974918 1.173285
0.64 0.974761 1.173768
0.65 0.974599 1.174
0.66 0.974433 1.173112
0.67 0.97426 1.17149
0.68 0.974082 1.170219
0.6900000000000001 0.973897 1.171492
0.7000000000000001 0.973706 1.169983
0.71 0.973509 1.165782
0.72 0.973309 1.163031
0.73 0.973109 1.154888
0.74 0.97291 1.141115
0.75 0.972713 1.125383
0.76 0.972516 1.111355
0.77 0.972315 1.100001
0.78 0.972106 1.09545
0.79 0.971884 1.095913
0.8 0.97165 1.100715
0.81 0.971407 1.108835
0.8200000000000001 0.97116 1.121453
0.8300000000000001 0.970913 1.13389
0.84 0.970669 1.145544
0.85 0.970427 1.156545
0.86 0.970187 1.164352
0.87 0.969944 1.169187
0.88 0.969697 1.175755
0.89 0.969446 1.177148
0.9 0.96919 1.173011
0.91 0.968929 1.16581
0.92 0.968665 1.155811
0.93 0.968399 1.147765
0.9400000000000001 0.96813 1.139089
0.9500000000000001 0.96786 1.126796
0.96 0.967588 1.111859
0.97 0.967314 1.092724
0.98 0.967038 1.073311
0.99 0.96676 1.049789
1.0 0.96648 1.024261
1.01 0.966198 0.998747
1.02 0.965912 0.974869
1.03 0.965624 0.95517
1.04 0.965333 0.946855
1.05 0.965039 0.947021
1.06 0.964742 0.955087
1.07 0.964443 0.967801
1.08 0.964142 0.983707
1.09 0.96384 1.004645
1.1 0.963537 1.027714
1.11 0.963234 1.04816
1.12 0.972802 1.069912
1.1300000000000001 0.972631 1.085794
1.1400000000000001 0.972457 1.097487
1.1500000000000001 0.972283 1.109597
1.16 0.97211 1.116958
1.17 0.971942 1.120801
1.18 0.97178 1.122421
1.19 0.971628 1.122746
1.2 0.971488 1.123891
1.21 0.971364 1.122234
1.22 0.971258 1.119493
1.23 0.971176 1.117117
1.24 0.97112 1.116238
1.25 0.971096 1.115033
1.26 0.971107 1.115512
1.27 0.971158 1.117616
1.28 0.971251 1.119946
1.29 0.971385 1.121072
1.3 0.971559 1.119383
1.31 0.971763 1.118959
1.32 0.971983 1.11527
1.33 0.972196 1.111196
1.34 0.972371 1.105387
1.35 0.972469 1.098451
1.36 0.972442 1.089714
1.37 0.972236 1.077728
1.3800000000000001 0.971794 1.062287
1.3900000000000001 0.971065 1.046242
1.4000000000000001 0.970001 1.024588
1.41 0.968575 1.000363
1.42 0.966782 0.971921
1.43 0.964646 0.938797
1.44 0.962228 0.902695
1.45 0.959625 0.862234
1.46 0.956971 0.819808
1.47 0.954427 0.77169
1.48 0.952174 0.724753
1.49 0.950394 0.674153
1.5 0.949253 0.625693
1.51 0.948882 0.582377
1.52 0.949363 0.549465
1.53 0.950713 0.527987
1.54 0.95288 0.518024
1.55 0.955745 0.512349
1.56 0.959124 0.510111
1.57 0.962787 0.514325
1.58 0.966478 0.516993
1.59 0.969931 0.524769
1.6 0.972906 0.535134
1.61 0.975203 0.548267
1.62 0.976687 0.570582
1.6300000000000001 0.977295 0.603213
1.6400000000000001 0.977038 0.640532
1.6500000000000001 0.975991 0.684576
1.6600000000000001 0.974285 0.728358
1.67 0.972082 0.773124
1.68 0.969562 0.811315
1.69 0.966904 0.848713
1.7 0.96427 0.88302
1.71 0.961796 0.913332
1.72 0.959584 0.940589
1.73 0.967495 0.969537
1.74 0.966053 0.990962
1.75 0.964967 1.008068
1.76 0.964215 1.024346
1.77 0.963755 1.038685
1.78 0.963536 1.049569
1.79 0.963503 1.058759
1.8 0.963604 1.065204
1.81 0.96379 1.069992
1.82 0.96402 1.072828
1.83 0.964261 1.073851
1.84 0.964488 1.076384
1.85 0.964684 1.074474
1.86 0.964839 1.071785
1.87 0.964948 1.067485
1.8800000000000001 0.96501 1.065534
1.8900000000000001 0.965027 1.063377
1.9000000000000001 0.965003 1.061692
1.9100000000000001 0.964942 1.060737
1.92 0.964849 1.061433
1.93 0.964729 1.06241
1.94 0.964587 1.064046
1.95 0.964427 1.063552
1.96 0.964252 1.061016
1.97 0.964065 1.059439
1.98 0.963868 1.05482
1.99 0.963663 1.046005
2.0 0.963451 1.03654
2.0100000000000002 0.963234 1.023221
2.02 0.963012 1.007592
2.0300000000000002 0.962786 0.98929
2.04 0.962558 0.96766
2.05 0.962327 0.945707
2.06 0.962096 0.923584
2.07 0.961863 0.904389
2.08 0.961631 0.889859
2.09 0.9614 0.879468
2.1 0.96117 0.875532
2.11 0.960941 0.880247
2.12 0.960713 0.893493
2.13 0.960487 0.912626
2.14 0.960261 0.934942
2.15 0.960035 0.956135
2.16 0.959809 0.97537
2.17 0.959582 0.993742
2.18 0.959353 1.009167
2.19 0.959124 1.022851
2.2 0.958893 1.032739
2.21 0.95866 1.039511
2.22 0.958426 1.045248
2.23 0.958191 1.050934
2.24 0.957953 1.056662
2.25 0.957713 1.05867
2.2600000000000002 0.95747 1.056853
2.27 0.957224 1.053658
2.2800000000000002 0.956977 1.047805
2.29 0.956729 1.039968
2.3000000000000003 0.956483 1.03009
2.31 0.956241 1.016682
2.32 0.956004 1.002938
2.33 0.955769 0.991161
2.34 0.955534 0.979433
2.35 0.965114 0.975827
2.36 0.964943 0.971934
2.37 0.964762 0.972548
2.38 0.964574 0.978477
2.39 0.964381 0.98988
2.4 0.964188 1.001629
2.41 0.963997 1.01136
2.42 0.963807 1.018064
2.43 0.963618 1.021782
2.44 0.963428 1.022291
2.45 0.963236 1.020858
2.46 0.963041 1.019408
2.47 0.962844 1.018455
2.48 0.962646 1.01761
2.49 0.962449 1.016971
2.5 0.962252 1.015454
2.5100000000000002 0.962056 1.013754
2.52 0.961862 1.012021
2.5300000000000002 0.961669 1.009331
2.54 0.961477 1.006869
2.5500000000000003 0.961285 1.005937
2.56 0.961093 1.004682
2.57 0.960901 1.00747
2.58 0.960707 1.008398
2.59 0.960513 1.011727
2.6 0.960319 1.012295
2.61 0.960123 1.01203
2.62 0.959927 1.009589
2.63 0.95973 1.006062
2.64 0.959532 1.000845
2.65 0.959334 0.993349
2.66 0.959136 0.986872
2.67 0.958937 0.981751
2.68 0.958737 0.975417
2.69 0.958537 0.967562
2.7 0.958336 0.960647
2.71 0.958133 0.95199
2.72 0.957928 0.941715
2.73 0.95772 0.931465
2.74 0.957509 0.920414
2.75 0.957293 0.909875
2.7600000000000002 0.957072 0.897376
2.77 0.956841 0.88501
2.7800000000000002 0.9566 0.868772
2.79 0.956344 0.852447
2.8000000000000003 0.95607 0.835858
2.81 0.955772 0.816934
2.82 0.955447 0.798289
2.83 0.95509 0.775486
2.84 0.954697 0.753173
2.85 0.954267 0.728965
2.86 0.953798 0.704004
2.87 0.953297 0.67732
2.88 0.952772 0.649206
2.89 0.952238 0.621343
2.9 0.951718 0.591438
2.91 0.951242 0.561094
2.92 0.950848 0.529089
2.93 0.950581 0.496785
2.94 0.950489 0.463835
2.95 0.950623 0.430342
2.96 0.951031 0.396737
2.97 0.951751 0.362502
2.98 0.952806 0.328035
2.99 0.954198 0.292571
3.0 0.955901 0.257308
3.0100000000000002 0.95786 0.221804
3.02 0.959985 0.186832
3.0300000000000002 0.962155 0.152418
3.04 0.964225 0.117944
3.0500000000000003 0.966034 0.085021
3.06 0.967419 0.053711
3.0700000000000003 0.968228 0.025725
3.08 0.96834 0.002232
3.09 0.977537 -0.011065
3.1 0.97608 -0.021328
3.11 0.973872 -0.024029
3.12 0.971022 -0.026899
3.13 0.967699 -0.030223
3.14 0.964113 -0.033811
3.15 0.960498 -0.037419
3.16 0.957088 -0.040828
3.17 0.954097 -0.043812
3.18 0.951698 -0.046159
3.19 0.950015 -0.042778
3.2 0.949109 -0.029059
3.21 0.948982 -0.008005
3.22 0.949577 0.019299
3.23 0.950788 0.051798
3.24 0.952475 0.087819
3.25 0.95448 0.126174
3.2600000000000002 0.95664 0.165049
3.27 0.958805 0.204556
3.2800000000000002 0.960847 0.243836
3.29 0.962665 0.282498
3.3000000000000003 0.964194 0.320236
3.31 0.965398 0.356958
3.3200000000000003 0.966269 0.391473
3.33 0.966826 0.42501
3.34 0.967101 0.457554
3.35 0.96714 0.489157
3.36 0.96699 0.520095
3.37 0.966704 0.549851
3.38 0.966327 0.578925
3.39 0.9659 0.607013
3.4 0.965458 0.632845
3.41 0.965026 0.658324
3.42 0.964624 0.682415
3.43 0.964261 0.705545
3.44 0.963946 0.728492
3.45 0.963678 0.749198
3.46 0.963455 0.769416
3.47 0.963273 0.7892
3.48 0.963127 0.805104
3.49 0.963009 0.822344
3.5 0.962915 0.836836
3.5100000000000002 0.962838 0.851176
3.52 0.962774 0.863742
3.5300000000000002 0.96272 0.874591
3.54 0.962673 0.885529
3.5500000000000003 0.962631 0.894315
3.56 0.962594 0.904776
3.5700000000000003 0.96256 0.912994
3.58 0.96253 0.921168
3.59 0.962503 0.928266
3.6 0.96248 0.932788
3.61 0.96246 0.937707
3.62 0.962442 0.94434
3.63 0.962428 0.948591
3.64 0.962415 0.954774
3.65 0.962402 0.958611
3.66 0.96239 0.962283
3.67 0.962376 0.963854
3.68 0.96236 0.963307
3.69 0.962341 0.961522
3.7 0.962318 0.958335
3.71 0.962291 0.953861
3.72 0.96226 0.953812
3.73 0.962226 0.951716
3.74 0.962188 0.952846
3.75 0.962148 0.95282
3.7600000000000002 0.962107 0.953681
3.77 0.962066 0.954261
3.7800000000000002 0.962026 0.95413
3.79 0.961988 0.954446
3.8000000000000003 0.961952 0.954282
3.81 0.961918 0.952279
3.8200000000000003 0.961886 0.951315
3.83 0.961855 0.952186
3.84 0.961825 0.950865
3.85 0.961796 0.948375
3.86 0.961768 0.946554
3.87 0.961742 0.940395
3.88 0.96172 0.929138
3.89 0.961702 0.917306
3.9 0.961684 0.906239
3.91 0.961666 0.89716
3.92 0.961642 0.892956
3.93 0.96161 0.893418
3.94 0.961572 0.897007
3.95 0.961529 0.902819
3.96 0.961487 0.911314
3.97 0.961449 0.920613
3.98 0.961419 0.930097
3.99 0.961397 0.940218
4.0 0.961382 0.946486
4.01 0.961371 0.950485
4.0200000000000005 0.961362 0.956103
4.03 0.961354 0.957243
4.04 0.961344 0.954126
4.05 0.961332 0.949168
4.0600000000000005 0.961318 0.941067
4.07 0.9613 0.932946
4.08 0.96128 0.926817
4.09 0.961255 0.916468
4.1 0.961226 0.904693
4.11 0.961193 0.889809
4.12 0.961157 0.874943
4.13 0.961117 0.856838
4.14 0.961074 0.837083
4.15 0.96103 0.81782
4.16 0.960985 0.799578
4.17 0.960941 0.785576
4.18 0.960899 0.777795
4.19 0.960858 0.777183
4.2 0.960821 0.782866
4.21 0.960786 0.791949
4.22 0.960754 0.803473
4.23 0.960724 0.817596
4.24 0.960695 0.834819
4.25 0.960668 0.851065
4.26 0.960642 0.866353
4.2700000000000005 0.960616 0.879156
4.28 0.960591 0.889744
4.29 0.960566 0.89884
4.3 0.960543 0.90482
4.3100000000000005 0.960524 0.9083
4.32 0.960509 0.909213
4.33 0.960501 0.908847
4.34 0.960504 0.910079
4.3500000000000005 0.960521 0.908242
4.36 0.960557 0.90624
4.37 0.960616 0.905207
4.38 0.960702 0.904581
4.39 0.960821 0.904373
4.4 0.960976 0.904629
4.41 0.96117 0.906306
4.42 0.961404 0.907232
4.43 0.961677 0.90763
4.44 0.961983 0.90611
4.45 0.962313 0.904854
4.46 0.96265 0.903411
4.47 0.962974 0.898913
4.48 0.963256 0.894948
4.49 0.963462 0.887683
4.5 0.963552 0.878142
4.51 0.963482 0.867069
4.5200000000000005 0.963208 0.853264
4.53 0.96269 0.837932
4.54 0.961893 0.819653
4.55 0.960799 0.798573
4.5600000000000005 0.959409 0.773933
4.57 0.957747 0.746011
4.58 0.955866 0.716141
4.59 0.953847 0.682896
4.6000000000000005 0.9518 0.648227
4.61 0.949856 0.609655
4.62 0.948159 0.573693
4.63 0.946855 0.536802
4.64 0.946077 0.501572
4.65 0.94593 0.472516
4.66 0.946482 0.452255
4.67 0.947748 0.44085
4.68 0.949692 0.435059
4.69 0.95222 0.431408
4.7 0.955191 0.430143
4.71 0.958424 0.433615
4.72 0.961713 0.435439
4.73 0.964845 0.441414
4.74 0.967621 0.449074
4.75 0.969872 0.457132
4.76 0.971476 0.467875
4.7700000000000005 0.972368 0.483719
4.78 0.97254 0.505987
4.79 0.972039 0.535287
4.8 0.970958 0.566557
4.8100000000000005 0.96942 0.600923
4.82 0.967568 0.632006
4.83 0.965546 0.662573
4.84 0.963493 0.691462
4.8500000000000005 0.961527 0.717631
4.86 0.959743 0.741562
4.87 0.958208 0.764762
4.88 0.956959 0.78389
4.89 0.956009 0.801117
4.9 0.955349 0.815559
4.91 0.954954 0.829064
4.92 0.954785 0.840121
4.93 0.954799 0.850857
4.94 0.954954 0.857361
4.95 0.955205 0.862733
4.96 0.955515 0.866487
4.97 0.955851 0.867571
4.98 0.956188 0.870185
4.99 0.956507 0.86967
5.0 0.956796 0.868448
5.01 0.957045 0.866597
5.0200000000000005 0.957254 0.864673
5.03 0.957421 0.863088
5.04 0.957549 0.860932
5.05 0.957643 0.859775
5.0600000000000005 0.957707 0.859146
5.07 0.957748 0.858601
5.08 0.95777 0.860583
5.09 0.957778 0.860918
5.1000000000000005 0.957776 0.859915
5.11 0.957767 0.85965
5.12 0.957754 0.856711
5.13 0.957737 0.851355
5.14 0.957719 0.843538
5.15 0.957699 0.833656
5.16 0.957677 0.822328
5.17 0.957653 0.807879
5.18 0.957627 0.791053
5.19 0.957599 0.774526
5.2 0.957567 0.759427
5.21 0.957531 0.745294
5.22 0.957492 0.734192
5.23 0.957449 0.726742
5.24 0.957404 0.722104
5.25 0.957355 0.722665
5.26 0.957305 0.730418
5.2700000000000005 0.957253 0.743784
5.28 0.957201 0.760437
5.29 0.957149 0.775839
5.3 0.957098 0.791068
5.3100000000000005 0.957047 0.805388
5.32 0.966688 0.823023
5.33 0.966671 0.835121
5.34 0.966652 0.843551
5.3500000000000005 0.966633 0.849354
5.36 0.966612 0.853581
5.37 0.966591 0.858148
5.38 0.966568 0.863778
5.39 0.966544 0.8656
5.4 0.966519 0.864794
5.41 0.966491 0.862508
5.42 0.966462 0.858103
5.43 0.966433 0.850878
5.44 0.966405 0.843055
5.45 0.966381 0.833799
5.46 0.966361 0.822602
5.47 0.966343 0.813587
5.48 0.966325 0.805094
5.49 0.966305 0.79943
5.5 0.966279 0.795761
5.51 0.966247 0.795014
5.5200000000000005 0.966212 0.798527
5.53 0.966177 0.805997
5.54 0.966145 0.81571
5.55 0.966119 0.8231
5.5600000000000005 0.966099 0.829496
5.57 0.966083 0.832904
5.58 0.966069 0.833327
5.59 0.966056 0.832451
5.6000000000000005 0.966041 0.831833
5.61 0.966024 0.831484
5.62 0.966005 0.830379
5.63 0.965984 0.829446
5.64 0.965961 0.82863
5.65 0.965938 0.826709
5.66 0.965914 0.824999
5.67 0.965891 0.822551
5.68 0.965868 0.820055
5.69 0.965847 0.817815
5.7 0.965828 0.816297
5.71 0.965811 0.817436
5.72 0.965797 0.818263
5.73 0.965784 0.820123
5.74 0.965773 0.820699
5.75 0.965764 0.819857
5.76 0.965755 0.817196
5.7700000000000005 0.965746 0.813334
5.78 0.965736 0.808326
5.79 0.965725 0.801809
5.8 0.965711 0.795109
5.8100000000000005 0.965695 0.790163
5.82 0.965675 0.78459
5.83 0.965652 0.777097
5.84 0.965625 0.77062
5.8500000000000005 0.965593 0.761865
5.86 0.965557 0.752742
5.87 0.965515 0.743093
5.88 0.965467 0.734552
5.89 0.965411 0.723816
5.9 0.965345 0.712949
5.91 0.965269 0.701408
5.92 0.965178 0.68661
5.93 0.965071 0.674099
5.94 0.964943 0.659406
5.95 0.964792 0.643157
5.96 0.964613 0.626561
5.97 0.964405 0.608211
5.98 0.964164 0.590654
5.99 0.96389 0.569485
6.0 0.963585 0.550131
6.01 0.963254 0.527942
6.0200000000000005 0.962905 0.50663
6.03 0.962552 0.484447
6.04 0.962215 0.461359
6.05 0.96192 0.438186
6.0600000000000005 0.961698 0.413862
6.07 0.961585 0.388714
6.08 0.96162 0.363105
6.09 0.961845 0.337176
6.1000000000000005 0.962294 0.30964
6.11 0.962998 0.282721
6.12 0.963972 0.254555
6.13 0.965215 0.226718
6.140000000000001 0.966703 0.198159
6.15 0.968388 0.169544
6.16 0.970196 0.141101
6.17 0.972029 0.113011
6.18 0.973768 0.085972
6.19 0.975285 0.060032
6.2 0.976447 0.036026
6.21 0.977133 0.014905
6.22 0.977245 -0.003081
6.23 0.976718 -0.016186
6.24 0.975535 -0.020256
6.25 0.973728 -0.022096
6.26 0.971382 -0.024462
6.2700000000000005 0.968627 -0.027225
6.28 0.965631 -0.030225
6.29 0.962582 -0.033274
6.3 0.959669 -0.036178
6.3100000000000005 0.95707 -0.038762
6.32 0.954932 -0.040877
6.33 0.953365 -0.042414
6.34 0.952431 -0.037237
6.3500000000000005 0.952143 -0.023009
6.36 0.952468 -0.003526
6.37 0.953331 0.020199
6.38 0.954627 0.047705
6.390000000000001 0.956231 0.077523
6.4 0.958011 0.108788
6.41 0.959843 0.141011
6.42 0.961614 0.173175
6.43 0.963234 0.205166
6.44 0.964638 0.236303
6.45 0.965787 0.266516
6.46 0.966666 0.29523
6.47 0.96728 0.322932
6.48 0.96765 0.349867
6.49 0.967809 0.375023
6.5 0.967794 0.399555
6.51 0.967647 0.422642
6.5200000000000005 0.967406 0.444603
6.53 0.967107 0.465951
6.54 0.966778 0.486605
6.55 0.966444 0.506376
6.5600000000000005 0.966122 0.526252
6.57 0.965824 0.545118
6.58 0.965555 0.5637
6.59 0.965319 0.580837
6.6000000000000005 0.965115 0.59844
6.61 0.964941 0.614631
6.62 0.964794 0.628851
6.63 0.964669 0.643271
6.640000000000001 0.964565 0.656273
6.65 0.964478 0.668991
6.66 0.964405 0.680104
6.67 0.964344 0.690786
6.68 0.964295 0.700657
6.69 0.964256 0.70922
6.7 0.964226 0.718272
6.71 0.964205 0.725859
6.72 0.96419 0.733785
6.73 0.964182 0.740626
6.74 0.964178 0.746136
6.75 0.964178 0.752457
6.76 0.964178 0.757893
6.7700000000000005 0.964179 0.761476
6.78 0.964179 0.767357
6.79 0.964176 0.771571
6.8 0.96417 0.776415
6.8100000000000005 0.96416 0.778008
6.82 0.964147 0.779178
6.83 0.964131 0.778002
6.84 0.964113 0.776577
6.8500000000000005 0.964093 0.773939
6.86 0.964073 0.773293
6.87 0.964054 0.772664
6.88 0.964035 0.773168
6.890000000000001 0.964018 0.774211
6.9 0.964003 0.775715
6.91 0.96399 0.77715
6.92 0.963978 0.777274
6.93 0.963967 0.777745
6.94 0.963956 0.778099
6.95 0.963944 0.776483
6.96 0.963931 0.775679
6.97 0.963915 0.776282
6.98 0.963896 0.774739
6.99 0.963876 0.773209
7.0 0.963856 0.772103
7.01 0.963838 0.767457
7.0200000000000005 0.963825 0.759272
7.03 0.963817 0.750522
7.04 0.963813 0.741776
7.05 0.963812 0.73483
7.0600000000000005 0.963811 0.731271
7.07 0.963806 0.731087
7.08 0.963796 0.733522
7.09 0.963783 0.737493
7.1000000000000005 0.963768 0.742614
7.11 0.963754 0.750602
7.12 0.963741 0.757436
7.13 0.96373 0.765725
7.140000000000001 0.96372 0.771445
7.15 0.96371 0.774654
7.16 0.963699 0.778737
7.17 0.963685 0.779526
7.18 0.963669 0.777898
7.19 0.963652 0.773968
7.2 0.963636 0.767472
7.21 0.96362 0.761494
7.22 0.963606 0.756349
7.23 0.963594 0.748915
7.24 0.963584 0.739127
7.25 0.963575 0.727939
7.26 0.963568 0.717149
7.2700000000000005 0.96356 0.704293
7.28 0.963552 0.690793
7.29 0.963542 0.677395
7.3 0.963529 0.665476
7.3100000000000005 0.963514 0.65606
7.32 0.963496 0.650625
7.33 0.963475 0.650717
7.34 0.963452 0.654607
7.3500000000000005 0.963427 0.659926
7.36 0.963401 0.666986
7.37 0.963376 0.674667
7.38 0.963353 0.684654
7.390000000000001 0.963332 0.695976
7.4 0.963316 0.707237
7.41 0.963304 0.716828
7.42 0.963298 0.725454
7.43 0.963298 0.732043
7.44 0.963305 0.737027
7.45 0.963319 0.739855
7.46 0.963341 0.739828
7.47 0.963372 0.738878
7.48 0.963413 0.73922
7.49 0.963466 0.738438
7.5 0.963533 0.737809
7.51 0.963617 0.737058
7.5200000000000005 0.963721 0.736231
7.53 0.963848 0.736293
7.54 0.964001 0.737201
7.55 0.964183 0.737657
7.5600000000000005 0.964393 0.737437
7.57 0.96463 0.737047
7.58 0.96489 0.735264
7.59 0.965163 0.733672
7.6000000000000005 0.965438 0.732871
7.61 0.965695 0.72889
7.62 0.965911 0.724792
7.63 0.966056 0.71786
7.640000000000001 0.966099 0.709318
7.65 0.966003 0.698988
7.66 0.965734 0.685694
7.67 0.965258 0.67183
7.68 0.964552 0.656686
7.69 0.963601 0.63835
7.7 0.96241 0.6178
7.71 0.961 0.594405
7.72 0.959418 0.570008
7.73 0.95773 0.543633
7.74 0.956029 0.517447
7.75 0.954419 0.491067
7.76 0.953018 0.464913
7.7700000000000005 0.951944 0.440435
7.78 0.951304 0.414841
7.79 0.951185 0.397607
7.8 0.95164 0.3862
7.8100000000000005 0.952686 0.379896
7.82 0.954295 0.37515
7.83 0.956396 0.373617
7.84 0.958878 0.373369
7.8500000000000005 0.961598 0.37501
7.86 0.96439 0.377097
7.87 0.967084 0.381712
7.88 0.969513 0.387198
7.890000000000001 0.971536 0.393491
7.9 0.973044 0.400415
7.91 0.973974 0.40826
7.92 0.974308 0.419534
7.930000000000001 0.974072 0.437267
7.94 0.973332 0.456377
7.95 0.97218 0.481285
7.96 0.970729 0.503231
7.97 0.969096 0.524298
7.98 0.967396 0.545789
7.99 0.965731 0.566736
8.0 0.964187 0.586521
8.01 0.962827 0.605345
8.02 0.961689 0.621265
8.03 0.960794 0.636959
8.040000000000001 0.96014 0.650161
8.05 0.959712 0.66208
8.06 0.959483 0.673201
8.07 0.959419 0.683443
8.08 0.959486 0.689967
8.09 0.959648 0.696392
8.1 0.959872 0.700564
8.11 0.96013 0.702211
8.120000000000001 0.960399 0.704463
8.13 0.960664 0.705227
8.14 0.960911 0.705729
8.15 0.961134 0.705419
8.16 0.961328 0.70368
8.17 0.961494 0.702403
8.18 0.961633 0.701335
8.19 0.961748 0.700159
8.2 0.961841 0.699741
8.21 0.961916 0.698902
8.22 0.961976 0.699351
8.23 0.962023 0.699382
8.24 0.962059 0.699122
8.25 0.962086 0.699772
8.26 0.962104 0.698108
8.27 0.962115 0.695042
8.28 0.962118 0.689908
8.290000000000001 0.962115 0.68282
8.3 0.962106 0.674273
8.31 0.962091 0.663915
8.32 0.962073 0.652124
8.33 0.962051 0.641373
8.34 0.962028 0.632525
8.35 0.962004 0.623958
8.36 0.961981 0.616497
8.370000000000001 0.96196 0.610449
8.38 0.961942 0.606863
8.39 0.961926 0.605504
8.4 0.961913 0.608951
8.41 0.961902 0.61698
8.42 0.961892 0.626818
8.43 0.961884 0.636631
8.44 0.961877 0.647129
8.45 0.961869 0.657034
8.46 0.961861 0.666032
8.47 0.961852 0.674925
8.48 0.961842 0.6819
8.49 0.96183 0.687386
8.5 0.961818 0.690693
8.51 0.961805 0.694058
8.52 0.961791 0.698178
8.53 0.961775 0.699957
8.540000000000001 0.961759 0.700331
8.55 0.961741 0.698333
8.56 0.961722 0.694877
8.57 0.961703 0.689641
8.58 0.961685 0.683866
8.59 0.96167 0.677188
8.6 0.961657 0.668215
8.61 0.961646 0.661371
8.620000000000001 0.961635 0.655047
8.63 0.961621 0.650896
8.64 0.961602 0.647298
8.65 0.961579 0.646144
8.66 0.961551 0.647821
8.67 0.961523 0.652689
8.68 0.961496 0.659629
8.69 0.961474 0.665616
8.700000000000001 0.961457 0.670496
8.71 0.961443 0.67332
8.72 0.961433 0.674466
8.73 0.961423 0.67345
8.74 0.961412 0.673011
8.75 0.961401 0.672879
8.76 0.961387 0.671986
8.77 0.961371 0.671271
8.78 0.961354 0.670573
8.790000000000001 0.961336 0.668793
8.8 0.961316 0.666774
8.81 0.961296 0.665028
8.82 0.961277 0.662035
8.83 0.961257 0.659035
8.84 0.961239 0.657478
8.85 0.961223 0.657419
8.86 0.96121 0.657729
8.870000000000001 0.961199 0.658933
8.88 0.96119 0.659593
8.89 0.961185 0.657953
8.9 0.961181 0.654997
8.91 0.96118 0.651351
8.92 0.961178 0.646132
8.93 0.961177 0.640587
8.94 0.961175 0.63521
8.950000000000001 0.96117 0.629726
8.96 0.961162 0.624028
8.97 0.96115 0.617534
8.98 0.961134 0.610889
8.99 0.961112 0.602444
9.0 0.961083 0.594363
9.01 0.961048 0.586572
9.02 0.961006 0.578526
9.03 0.960956 0.569772
9.040000000000001 0.960896 0.559835
9.05 0.960826 0.549541
9.06 0.960744 0.537581
9.07 0.960647 0.527041
9.08 0.960534 0.514854
9.09 0.960402 0.50212
9.1 0.960248 0.48924
9.11 0.96007 0.475489
9.120000000000001 0.959867 0.461352
9.13 0.959638 0.445277
9.14 0.959386 0.430015
9.15 0.959115 0.413197
9.16 0.958833 0.396687
9.17 0.958553 0.378932
9.18 0.958292 0.360965
9.19 0.958072 0.342087
9.200000000000001 0.957919 0.322362
9.21 0.957863 0.302049
9.22 0.957937 0.281378
9.23 0.958173 0.259893
9.24 0.958599 0.238256
9.25 0.959236 0.216074
9.26 0.960096 0.192775
9.27 0.961175 0.170012
9.28 0.962451 0.146753
9.290000000000001 0.963882 0.123503
9.3 0.965407 0.0999
9.31 0.966944 0.076939
9.32 0.968397 0.054959
9.33 0.969661 0.034429
9.34 0.970629 0.01588
9.35 0.971204 -0.000465
9.36 0.971306 -0.014293
9.370000000000001 0.970881 -0.022528
9.38 0.969914 -0.023746
9.39 0.968428 -0.025264
9.4 0.966488 -0.027229
9.41 0.964198 -0.029531
9.42 0.961689 -0.03205
9.43 0.959112 -0.034626
9.44 0.956622 -0.037107
9.450000000000001 0.954364 -0.039353
9.46 0.952466 -0.041229
9.47 0.951022 -0.042644
9.48 0.950091 -0.043278
9.49 0.949696 -0.035936
9.5 0.949819 -0.022179
9.51 0.950408 -0.004819
9.52 0.951385 0.01578
9.53 0.952653 0.03875
9.540000000000001 0.954105 0.063665
9.55 0.955639 0.089646
9.56 0.957158 0.116318
9.57 0.958581 0.142848
9.58 0.959848 0.169017
9.59 0.960917 0.194264
9.6 0.961769 0.217763
9.61 0.962398 0.240951
9.620000000000001 0.962818 0.263628
9.63 0.96305 0.28477
9.64 0.963122 0.305206
9.65 0.963066 0.324632
9.66 0.962916 0.342707
9.67 0.962702 0.359231
9.68 0.962449 0.376385
9.69 0.96218 0.391938
9.700000000000001 0.961912 0.407105
9.71 0.961656 0.421993
9.72 0.96142 0.436334
9.73 0.961208 0.449545
9.74 0.96102 0.462945
9.75 0.960857 0.475745
9.76 0.960716 0.487412
9.77 0.960594 0.49894
9.78 0.96049 0.50983
9.790000000000001 0.9604 0.519996
9.8 0.960323 0.529533
9.81 0.960258 0.538762
9.82 0.960204 0.547892
9.83 0.960159 0.555874
9.84 0.960125 0.56287
9.85 0.960099 0.570082
9.86 0.960082 0.576943
9.870000000000001 0.960071 0.583851
9.88 0.960067 0.590493
9.89 0.960067 0.59626
9.9 0.960069 0.601787
9.91 0.960072 0.605778
9.92 0.960075 0.61057
9.93 0.960076 0.614675
9.94 0.960074 0.619088
9.950000000000001 0.960069 0.621996
9.96 0.96006 0.62411
9.97 0.960047 0.624106
9.98 0.960032 0.62368
9.99 0.960015 0.62211
