0.0 0.977619 7.2e-5
0.01 0.973319 7.2e-5
0.02 0.969318 7.4e-5
0.03 0.965875 0.000501
0.04 0.963196 0.005133
0.05 0.961418 0.018471
0.06 0.9606 0.041214
0.07 0.960725 0.07205
0.08 0.961702 0.108732
0.09 0.963385 0.149831
0.1 0.96559 0.194021
0.11 0.968114 0.239769
0.12 0.970757 0.286158
0.13 0.97334 0.333042
0.14 0.975717 0.380098
0.15 0.97778 0.426967
0.16 0.979465 0.472862
0.17 0.980746 0.517706
0.18 0.981631 0.561722
0.19 0.982151 0.604383
0.2 0.982359 0.645924
0.21 0.982314 0.68599
0.22 0.982077 0.724624
0.23 0.981709 0.761936
0.24 0.981261 0.797534
0.25 0.980779 0.831802
0.26 0.980294 0.864471
0.27 0.979834 0.894726
0.28 0.979413 0.92378
0.29 0.979042 0.951333
0.3 0.978723 0.978373
0.31 0.978457 1.003117
0.32 0.97824 1.026043
0.33 0.978067 1.049331
0.34 0.977932 1.069589
0.35000000000000003 0.977829 1.088824
0.36 0.977752 1.105543
0.37 0.977697 1.121479
0.38 0.977659 1.135529
0.39 0.977633 1.147426
0.4 0.977617 1.159242
0.41000000000000003 0.977608 1.168719
0.42 0.977604 1.180562
0.43 0.977603 1.189559
0.44 0.977605 1.199398
0.45 0.977608 1.206537
0.46 0.977612 1.210803
0.47000000000000003 0.977616 1.216047
0.48 0.97762 1.222521
0.49 0.977624 1.229305
0.5 0.977628 1.235026
0.51 0.977632 1.239705
0.52 0.977635 1.2436
0.53 0.977638 1.244705
0.54 0.977641 1.244178
0.55 0.977643 1.240763
0.56 0.977646 1.237288
0.5700000000000001 0.977647 1.232114
0.58 0.977649 1.230769
0.59 0.977651 1.22977
0.6 0.977652 1.230191
0.61 0.977653 1.229336
0.62 0.977655 1.23096
0.63 0.977656 1.231188
0.64 0.977658 1.232714
0.65 0.97766 1.233796
0.66 0.977661 1.234185
0.67 0.977662 1.233695
0.68 0.97766 1.233367
0.6900000000000001 0.977657 1.23549
0.7000000000000001 0.977652 1.23494
0.71 0.977645 1.231349
0.72 0.977639 1.230057
0.73 0.977637 1.222448
0.74 0.977641 1.209116
0.75 0.977652 1.193787
0.76 0.977666 1.179738
0.77 0.977681 1.169202
0.78 0.97769 1.16555
0.79 0.977691 1.167485
0.8 0.977682 1.17438
0.81 0.977668 1.184441
0.8200000000000001 0.977653 1.199297
0.8300000000000001 0.977642 1.214116
0.84 0.977637 1.227179
0.85 0.977639 1.238955
0.86 0.977644 1.247712
0.87 0.977651 1.253228
0.88 0.977657 1.259976
0.89 0.97766 1.262336
0.9 0.977662 1.2591
0.91 0.977661 1.25262
0.92 0.97766 1.243315
0.93 0.977658 1.236556
0.9400000000000001 0.977657 1.228847
0.9500000000000001 0.977655 1.217256
0.96 0.977653 1.202471
0.97 0.977652 1.182758
0.98 0.977651 1.162408
0.99 0.977649 1.137927
1.0 0.977648 1.111533
1.01 0.977646 1.085175
1.02 0.977644 1.060376
1.03 0.977641 1.039626
1.04 0.977639 1.032419
1.05 0.977636 1.034111
1.06 0.977632 1.043853
1.07 0.977629 1.058661
1.08 0.977625 1.07798
1.09 0.97762 1.102371
1.1 0.977616 1.128398
1.11 0.977612 1.151769
1.12 0.977608 1.173319
1.1300000000000001 0.977605 1.190741
1.1400000000000001 0.977603 1.204223
1.1500000000000001 0.977603 1.21766
1.16 0.977607 1.226147
1.17 0.977616 1.231744
1.18 0.977631 1.234036
1.19 0.977656 1.235519
1.2 0.977694 1.236943
1.21 0.977747 1.235955
1.22 0.977822 1.233111
1.23 0.977922 1.23095
1.24 0.978055 1.23073
1.25 0.978225 1.229768
1.26 0.978438 1.231023
1.27 0.9787 1.234252
1.28 0.979015 1.238074
1.29 0.979382 1.240669
1.3 0.979799 1.239657
1.31 0.980257 1.239854
1.32 0.98074 1.236797
1.33 0.981224 1.232836
1.34 0.981675 1.228179
1.35 0.982052 1.221449
1.36 0.982301 1.213482
1.37 0.982364 1.203146
1.3800000000000001 0.982179 1.188681
1.3900000000000001 0.981685 1.173784
1.4000000000000001 0.980831 1.153213
1.41 0.979582 1.130291
1.42 0.977929 1.102749
1.43 0.975893 1.070459
1.44 0.973538 1.034556
1.45 0.970967 0.99401
1.46 0.968322 0.952649
1.47 0.965782 0.902044
1.48 0.963544 0.853415
1.49 0.961812 0.799514
1.5 0.960773 0.746381
1.51 0.960576 0.697019
1.52 0.961317 0.656938
1.53 0.96302 0.626025
1.54 0.965631 0.607596
1.55 0.96902 0.596352
1.56 0.972986 0.589191
1.57 0.977272 0.588752
1.58 0.981592 0.589203
1.59 0.985651 0.594835
1.6 0.989177 0.605745
1.61 0.99195 0.623026
1.62 0.993819 0.651301
1.6300000000000001 0.994716 0.690893
1.6400000000000001 0.994657 0.735666
1.6500000000000001 0.993729 0.787838
1.6600000000000001 0.992082 0.837907
1.67 0.989902 0.891116
1.68 0.98739 0.936671
1.69 0.984748 0.981103
1.7 0.982155 1.021973
1.71 0.979759 1.057997
1.72 0.97767 1.090784
1.73 0.975955 1.122146
1.74 0.974643 1.146797
1.75 0.973729 1.16812
1.76 0.973182 1.185865
1.77 0.972951 1.202005
1.78 0.972979 1.214535
1.79 0.973203 1.223437
1.8 0.973563 1.230307
1.81 0.974005 1.235044
1.82 0.974487 1.238411
1.83 0.974972 1.240274
1.84 0.975435 1.24427
1.85 0.975859 1.242357
1.86 0.976234 1.239146
1.87 0.976557 1.235095
1.8800000000000001 0.976828 1.233706
1.8900000000000001 0.977049 1.231392
1.9000000000000001 0.977225 1.230911
1.9100000000000001 0.977363 1.230815
1.92 0.977468 1.232903
1.93 0.977546 1.235665
1.94 0.977603 1.236765
1.95 0.977643 1.236602
1.96 0.977669 1.23367
1.97 0.977686 1.231573
1.98 0.977696 1.227004
1.99 0.9777 1.21784
2.0 0.977701 1.206785
2.0100000000000002 0.9777 1.192078
2.02 0.977697 1.17582
2.0300000000000002 0.977693 1.155268
2.04 0.977689 1.131601
2.05 0.977684 1.106899
2.06 0.97768 1.081928
2.07 0.977676 1.060948
2.08 0.977672 1.044995
2.09 0.977669 1.034874
2.1 0.977666 1.031992
2.11 0.977663 1.039092
2.12 0.977661 1.056393
2.13 0.977658 1.08034
2.14 0.977657 1.107794
2.15 0.977655 1.133354
2.16 0.977654 1.156806
2.17 0.977652 1.179276
2.18 0.977652 1.197946
2.19 0.977651 1.213941
2.2 0.977651 1.226018
2.21 0.977652 1.235111
2.22 0.977652 1.243064
2.23 0.977652 1.250653
2.24 0.977652 1.258033
2.25 0.97765 1.261268
2.2600000000000002 0.977646 1.259032
2.27 0.977641 1.255657
2.2800000000000002 0.977633 1.250014
2.29 0.977627 1.24195
2.3000000000000003 0.977624 1.230778
2.31 0.977627 1.216112
2.32 0.977637 1.200927
2.33 0.977652 1.187503
2.34 0.977667 1.175212
2.35 0.977677 1.168335
2.36 0.977678 1.165781
2.37 0.97767 1.167589
2.38 0.977656 1.17675
2.39 0.97764 1.192155
2.4 0.977629 1.207968
2.41 0.977624 1.220629
2.42 0.977626 1.228753
2.43 0.977632 1.233882
2.44 0.977639 1.235486
2.45 0.977645 1.235468
2.46 0.97765 1.23392
2.47 0.977652 1.233349
2.48 0.977652 1.233813
2.49 0.977652 1.233585
2.5 0.977652 1.232936
2.5100000000000002 0.977651 1.232017
2.52 0.977651 1.231593
2.5300000000000002 0.977652 1.230122
2.54 0.977652 1.229463
2.5500000000000003 0.977653 1.22989
2.56 0.977655 1.230396
2.57 0.977656 1.23355
2.58 0.977658 1.236546
2.59 0.97766 1.241016
2.6 0.977662 1.24339
2.61 0.977665 1.244937
2.62 0.977668 1.24347
2.63 0.977671 1.241545
2.64 0.977675 1.236517
2.65 0.977679 1.229602
2.66 0.977683 1.223872
2.67 0.977687 1.219122
2.68 0.977692 1.212776
2.69 0.977696 1.206242
2.7 0.977699 1.200068
2.71 0.977701 1.192037
2.72 0.977701 1.182203
2.73 0.977697 1.171983
2.74 0.977689 1.160991
2.75 0.977674 1.15151
2.7600000000000002 0.97765 1.138578
2.77 0.977614 1.126082
2.7800000000000002 0.977562 1.109534
2.79 0.977489 1.091734
2.8000000000000003 0.977391 1.074138
2.81 0.977261 1.053502
2.82 0.977094 1.033337
2.83 0.976885 1.008144
2.84 0.976626 0.983909
2.85 0.976316 0.957718
2.86 0.975953 0.929431
2.87 0.97554 0.900282
2.88 0.975085 0.868304
2.89 0.974603 0.836779
2.9 0.974118 0.802126
2.91 0.973663 0.766795
2.92 0.973278 0.728893
2.93 0.973017 0.689977
2.94 0.972937 0.649149
2.95 0.9731 0.606584
2.96 0.973567 0.563653
2.97 0.97439 0.51949
2.98 0.975605 0.474915
2.99 0.977225 0.429014
3.0 0.979229 0.383145
3.0100000000000002 0.98156 0.336679
3.02 0.984118 0.290565
3.0300000000000002 0.986764 0.245051
3.04 0.989324 0.199487
3.0500000000000003 0.991602 0.156542
3.06 0.993395 0.115438
3.0700000000000003 0.994509 0.078256
3.08 0.994787 0.046412
3.09 0.994123 0.022036
3.1 0.992483 0.006874
3.11 0.989915 0.000925
3.12 0.986551 0.000144
3.13 0.982596 0.000135
3.14 0.978312 0.000137
3.15 0.97399 0.000141
3.16 0.969923 0.000151
3.17 0.966376 0.000379
3.18 0.963565 0.003927
3.19 0.961637 0.015743
3.2 0.960666 0.037218
3.21 0.960645 0.066988
3.22 0.961494 0.102872
3.23 0.963077 0.143435
3.24 0.965212 0.18671
3.25 0.967698 0.23271
3.2600000000000002 0.970335 0.279008
3.27 0.972939 0.326089
3.2800000000000002 0.975357 0.373317
3.29 0.977475 0.419741
3.3000000000000003 0.979224 0.466396
3.31 0.980569 0.51128
3.3200000000000003 0.981515 0.55479
3.33 0.982091 0.597853
3.34 0.982345 0.6394
3.35 0.982335 0.679676
3.36 0.982125 0.718956
3.37 0.981774 0.756623
3.38 0.981336 0.791978
3.39 0.980856 0.827087
3.4 0.98037 0.858561
3.41 0.979905 0.889208
3.42 0.979477 0.919432
3.43 0.979098 0.946583
3.44 0.97877 0.974149
3.45 0.978496 0.998145
3.46 0.978271 1.023723
3.47 0.978091 1.046111
3.48 0.977951 1.065901
3.49 0.977843 1.086093
3.5 0.977763 1.103226
3.5100000000000002 0.977705 1.119608
3.52 0.977664 1.133537
3.5300000000000002 0.977636 1.145575
3.54 0.977619 1.157843
3.5500000000000003 0.977609 1.166892
3.56 0.977604 1.179435
3.5700000000000003 0.977603 1.188247
3.58 0.977604 1.197752
3.59 0.977607 1.204659
3.6 0.977611 1.209683
3.61 0.977615 1.215251
3.62 0.977619 1.221627
3.63 0.977624 1.228482
3.64 0.977628 1.234267
3.65 0.977631 1.238703
3.66 0.977635 1.243236
3.67 0.977638 1.245199
3.68 0.977641 1.244413
3.69 0.977643 1.241537
3.7 0.977645 1.237625
3.71 0.977647 1.232367
3.72 0.977649 1.230699
3.73 0.97765 1.230251
3.74 0.977652 1.230495
3.75 0.977653 1.229314
3.7600000000000002 0.977654 1.23055
3.77 0.977656 1.231251
3.7800000000000002 0.977658 1.232633
3.79 0.977659 1.233542
3.8000000000000003 0.977661 1.234254
3.81 0.977661 1.233563
3.8200000000000003 0.977661 1.232987
3.83 0.977658 1.235597
3.84 0.977652 1.234765
3.85 0.977646 1.231613
3.86 0.97764 1.230681
3.87 0.977637 1.224206
3.88 0.97764 1.211069
3.89 0.977649 1.196515
3.9 0.977664 1.181864
3.91 0.977679 1.170361
3.92 0.977689 1.165612
3.93 0.977691 1.166734
3.94 0.977684 1.172528
3.95 0.97767 1.182477
3.96 0.977655 1.196848
3.97 0.977643 1.212167
3.98 0.977637 1.224892
3.99 0.977638 1.237459
4.0 0.977643 1.246565
4.01 0.97765 1.252336
4.0200000000000005 0.977656 1.258607
4.03 0.97766 1.262381
4.04 0.977661 1.259833
4.05 0.977661 1.254327
4.0600000000000005 0.97766 1.24501
4.07 0.977658 1.237484
4.08 0.977657 1.230422
4.09 0.977655 1.2191
4.1 0.977653 1.204885
4.11 0.977652 1.185554
4.12 0.977651 1.165748
4.13 0.977649 1.141693
4.14 0.977648 1.115221
4.15 0.977646 1.089004
4.16 0.977644 1.063971
4.17 0.977642 1.042622
4.18 0.977639 1.032895
4.19 0.977636 1.032549
4.2 0.977633 1.041642
4.21 0.977629 1.056208
4.22 0.977625 1.074718
4.23 0.977621 1.098807
4.24 0.977617 1.123951
4.25 0.977612 1.148392
4.26 0.977608 1.170414
4.2700000000000005 0.977605 1.188418
4.28 0.977603 1.202363
4.29 0.977603 1.215622
4.3 0.977606 1.224621
4.3100000000000005 0.977614 1.231338
4.32 0.977628 1.233454
4.33 0.977651 1.235604
4.34 0.977687 1.23737
4.3500000000000005 0.977737 1.236371
4.36 0.977808 1.234145
4.37 0.977904 1.231029
4.38 0.978031 1.231
4.39 0.978195 1.22985
4.4 0.978401 1.230721
4.41 0.978655 1.23333
4.42 0.978961 1.237376
4.43 0.97932 1.24057
4.44 0.979729 1.239757
4.45 0.980181 1.239997
4.46 0.980662 1.237703
4.47 0.981148 1.233491
4.48 0.981607 1.2293
4.49 0.981999 1.223
4.5 0.982272 1.214129
4.51 0.982369 1.204629
4.5200000000000005 0.982227 1.191581
4.53 0.981786 1.176237
4.54 0.980992 1.156342
4.55 0.979808 1.134364
4.5600000000000005 0.978218 1.107379
4.57 0.976241 1.075817
4.58 0.973931 1.040651
4.59 0.971385 1.001554
4.6000000000000005 0.968741 0.959325
4.61 0.966171 0.910109
4.62 0.963872 0.861419
4.63 0.962046 0.808995
4.64 0.960885 0.754631
4.65 0.960546 0.704315
4.66 0.961134 0.662596
4.67 0.962685 0.630131
4.68 0.965159 0.609595
4.69 0.968436 0.597595
4.7 0.972325 0.590012
4.71 0.97658 0.588249
4.72 0.980914 0.58846
4.73 0.985034 0.594283
4.74 0.988661 0.603696
4.75 0.991566 0.619553
4.76 0.993585 0.646717
4.7700000000000005 0.994638 0.684274
4.78 0.994727 0.729046
4.79 0.993929 0.780149
4.8 0.992385 0.829155
4.8100000000000005 0.990276 0.883323
4.82 0.987804 0.92964
4.83 0.98517 0.974428
4.84 0.982558 1.015848
4.8500000000000005 0.980123 1.052348
4.86 0.977979 1.085899
4.87 0.976202 1.117646
4.88 0.974825 1.143202
4.89 0.973849 1.165064
4.9 0.973246 1.183212
4.91 0.972969 1.199059
4.92 0.97296 1.212598
4.93 0.973156 1.222594
4.94 0.973498 1.229265
4.95 0.973931 1.233795
4.96 0.974409 1.238178
4.97 0.974895 1.240482
4.98 0.975363 1.244086
4.99 0.975794 1.243274
5.0 0.976178 1.239736
5.01 0.976509 1.235681
5.0200000000000005 0.976788 1.233338
5.03 0.977016 1.231962
5.04 0.9772 1.231063
5.05 0.977343 1.231166
5.0600000000000005 0.977453 1.232156
5.07 0.977535 1.234753
5.08 0.977595 1.237206
5.09 0.977637 1.237348
5.1000000000000005 0.977666 1.233929
5.11 0.977684 1.232024
5.12 0.977695 1.228226
5.13 0.9777 1.220028
5.14 0.977701 1.208601
5.15 0.9777 1.194522
5.16 0.977697 1.179387
5.17 0.977693 1.159115
5.18 0.977689 1.135214
5.19 0.977685 1.111029
5.2 0.97768 1.085542
5.21 0.977676 1.064364
5.22 0.977673 1.047093
5.23 0.977669 1.036107
5.24 0.977666 1.031774
5.25 0.977663 1.036988
5.26 0.977661 1.05296
5.2700000000000005 0.977659 1.07623
5.28 0.977657 1.103287
5.29 0.977655 1.129841
5.3 0.977654 1.153731
5.3100000000000005 0.977652 1.175444
5.32 0.977652 1.196026
5.33 0.977651 1.211392
5.34 0.977651 1.224526
5.3500000000000005 0.977651 1.23347
5.36 0.977652 1.241772
5.37 0.977652 1.249298
5.38 0.977652 1.257238
5.39 0.977651 1.260928
5.4 0.977647 1.259752
5.41 0.977641 1.25642
5.42 0.977634 1.250967
5.43 0.977628 1.243295
5.44 0.977624 1.232613
5.45 0.977626 1.218553
5.46 0.977635 1.203154
5.47 0.977649 1.189537
5.48 0.977664 1.176495
5.49 0.977675 1.168918
5.5 0.977678 1.166029
5.51 0.977671 1.166766
5.5200000000000005 0.977658 1.175263
5.53 0.977643 1.189502
5.54 0.97763 1.205943
5.55 0.977625 1.218989
5.5600000000000005 0.977625 1.227411
5.57 0.97763 1.233172
5.58 0.977638 1.235111
5.59 0.977644 1.234956
5.6000000000000005 0.977649 1.234499
5.61 0.977651 1.233505
5.62 0.977652 1.233839
5.63 0.977652 1.23374
5.64 0.977652 1.232852
5.65 0.977651 1.231993
5.66 0.977651 1.231876
5.67 0.977651 1.23039
5.68 0.977652 1.23014
5.69 0.977653 1.229444
5.7 0.977654 1.230245
5.71 0.977656 1.232851
5.72 0.977657 1.236086
5.73 0.977659 1.239961
5.74 0.977662 1.243521
5.75 0.977664 1.244335
5.76 0.977667 1.243728
5.7700000000000005 0.977671 1.241998
5.78 0.977674 1.237588
5.79 0.977678 1.230338
5.8 0.977682 1.224922
5.8100000000000005 0.977687 1.220117
5.82 0.977691 1.213471
5.83 0.977695 1.20721
5.84 0.977698 1.201802
5.8500000000000005 0.977701 1.19377
5.86 0.977701 1.183769
5.87 0.977698 1.173584
5.88 0.977691 1.162875
5.89 0.977677 1.152633
5.9 0.977655 1.140675
5.91 0.97762 1.12834
5.92 0.977571 1.111405
5.93 0.977502 1.09462
5.94 0.977408 1.077171
5.95 0.977284 1.05679
5.96 0.977124 1.035818
5.97 0.976921 1.011468
5.98 0.976671 0.989064
5.99 0.976369 0.96138
6.0 0.976014 0.934021
6.01 0.975609 0.904508
6.0200000000000005 0.97516 0.873729
6.03 0.974681 0.842688
6.04 0.974194 0.808131
6.05 0.973731 0.772633
6.0600000000000005 0.973333 0.734795
6.07 0.973048 0.696165
6.08 0.972935 0.654924
6.09 0.973055 0.6138
6.1000000000000005 0.97347 0.570265
6.11 0.974233 0.526356
6.12 0.975384 0.482689
6.13 0.97694 0.43645
6.140000000000001 0.978886 0.390391
6.15 0.98117 0.343732
6.16 0.9837 0.297534
6.17 0.986343 0.252043
6.18 0.98893 0.206984
6.19 0.991267 0.163104
6.2 0.99315 0.121604
6.21 0.994384 0.08367
6.22 0.994804 0.051046
6.23 0.994294 0.025288
6.24 0.992808 0.008706
6.25 0.990382 0.001521
6.26 0.987132 0.000264
6.2700000000000005 0.983255 0.000239
6.28 0.979004 0.000245
6.29 0.974669 0.000256
6.3 0.970542 0.000277
6.3100000000000005 0.966897 0.000416
6.32 0.963956 0.002994
6.33 0.961881 0.013392
6.34 0.960756 0.033451
6.3500000000000005 0.960587 0.061801
6.36 0.961306 0.097112
6.37 0.962783 0.136914
6.38 0.964843 0.179822
6.390000000000001 0.967287 0.225584
6.4 0.969913 0.272144
6.41 0.972533 0.318911
6.42 0.974989 0.365975
6.43 0.977161 0.412792
6.44 0.978972 0.459372
6.45 0.980382 0.504479
6.46 0.98139 0.548183
6.47 0.982022 0.59153
6.48 0.982323 0.633207
6.49 0.982352 0.673559
6.5 0.982169 0.713326
6.51 0.981837 0.751082
6.5200000000000005 0.981409 0.786665
6.53 0.980934 0.821035
6.54 0.980447 0.853207
6.55 0.979977 0.883949
6.5600000000000005 0.979542 0.914654
6.57 0.979154 0.942594
6.58 0.978819 0.970453
6.59 0.978536 0.993992
6.6000000000000005 0.978304 1.020949
6.61 0.978117 1.042972
6.62 0.977971 1.062965
6.63 0.977858 1.082831
6.640000000000001 0.977774 1.10105
6.65 0.977713 1.117316
6.66 0.977669 1.131684
6.67 0.97764 1.144159
6.68 0.977621 1.156246
6.69 0.97761 1.165306
6.7 0.977604 1.177943
6.71 0.977603 1.186501
6.72 0.977604 1.19593
6.73 0.977606 1.203382
6.74 0.97761 1.208812
6.75 0.977614 1.214827
6.76 0.977618 1.220469
6.7700000000000005 0.977623 1.227173
6.78 0.977627 1.232843
6.79 0.977631 1.238101
6.8 0.977634 1.243189
6.8100000000000005 0.977637 1.244954
6.82 0.97764 1.244705
6.83 0.977642 1.242046
6.84 0.977645 1.238284
6.8500000000000005 0.977647 1.233583
6.86 0.977648 1.230848
6.87 0.97765 1.23053
6.88 0.977651 1.231101
6.890000000000001 0.977653 1.229486
6.9 0.977654 1.23037
6.91 0.977656 1.231335
6.92 0.977657 1.232413
6.93 0.977659 1.23302
6.94 0.977661 1.234176
6.95 0.977661 1.23359
6.96 0.977661 1.233297
6.97 0.977658 1.235636
6.98 0.977653 1.234683
6.99 0.977647 1.232238
7.0 0.97764 1.231162
7.01 0.977637 1.225734
7.0200000000000005 0.977639 1.213442
7.03 0.977647 1.198862
7.04 0.977661 1.183677
7.05 0.977677 1.17197
7.0600000000000005 0.977688 1.165884
7.07 0.977692 1.16633
7.08 0.977685 1.17111
7.09 0.977672 1.180794
7.1000000000000005 0.977657 1.194239
7.11 0.977644 1.209579
7.12 0.977638 1.222907
7.13 0.977637 1.235996
7.140000000000001 0.977642 1.245647
7.15 0.977649 1.251773
7.16 0.977655 1.257462
7.17 0.977659 1.262254
7.18 0.977661 1.26057
7.19 0.977661 1.255478
7.2 0.97766 1.246273
7.21 0.977658 1.238059
7.22 0.977657 1.231736
7.23 0.977655 1.221558
7.24 0.977654 1.207406
7.25 0.977652 1.188224
7.26 0.977651 1.169333
7.2700000000000005 0.977649 1.145204
7.28 0.977648 1.118898
7.29 0.977646 1.092679
7.3 0.977644 1.067829
7.3100000000000005 0.977642 1.045635
7.32 0.977639 1.033742
7.33 0.977636 1.031669
7.34 0.977633 1.039613
7.3500000000000005 0.97763 1.053461
7.36 0.977626 1.071043
7.37 0.977622 1.094934
7.38 0.977617 1.119147
7.390000000000001 0.977613 1.144783
7.4 0.977609 1.167547
7.41 0.977605 1.185392
7.42 0.977603 1.200596
7.43 0.977603 1.213384
7.44 0.977605 1.223158
7.45 0.977612 1.230877
7.46 0.977625 1.232497
7.47 0.977647 1.235783
7.48 0.97768 1.237773
7.49 0.977728 1.236193
7.5 0.977795 1.235171
7.51 0.977887 1.23152
7.5200000000000005 0.978008 1.23071
7.53 0.978166 1.229974
7.54 0.978365 1.230517
7.55 0.978611 1.232476
7.5600000000000005 0.978908 1.236595
7.57 0.979259 1.240475
7.58 0.979661 1.240193
7.59 0.980107 1.240301
7.6000000000000005 0.980584 1.238073
7.61 0.981071 1.233758
7.62 0.981537 1.230527
7.63 0.981943 1.22449
7.640000000000001 0.982239 1.215244
7.65 0.982368 1.206754
7.66 0.982268 1.194449
7.67 0.981879 1.178352
7.68 0.981144 1.159456
7.69 0.980024 1.138017
7.7 0.978498 1.111665
7.71 0.97658 1.081044
7.72 0.974318 1.046412
7.73 0.971801 1.008362
7.74 0.969162 0.96675
7.75 0.966568 0.918302
7.76 0.964211 0.869626
7.7700000000000005 0.962297 0.817747
7.78 0.961018 0.762495
7.79 0.96054 0.711572
7.8 0.960976 0.66833
7.8100000000000005 0.962374 0.634287
7.82 0.964707 0.611981
7.83 0.967867 0.599058
7.84 0.971674 0.591051
7.8500000000000005 0.975889 0.587443
7.86 0.980231 0.587637
7.87 0.984404 0.593137
7.88 0.988126 0.602196
7.890000000000001 0.991159 0.616717
7.9 0.993327 0.641668
7.91 0.994536 0.677601
7.92 0.994775 0.722254
7.930000000000001 0.99411 0.772446
7.94 0.992674 0.820642
7.95 0.990642 0.874887
7.96 0.988214 0.923368
7.97 0.985592 0.967357
7.98 0.982966 1.00918
7.99 0.980493 1.046475
8.0 0.978297 1.080916
8.01 0.976458 1.112937
8.02 0.975017 1.139502
8.03 0.973978 1.161939
8.040000000000001 0.973319 1.181467
8.05 0.972993 1.196624
8.06 0.972946 1.210453
8.07 0.973114 1.221247
8.08 0.973436 1.228483
8.09 0.973858 1.232996
8.1 0.974331 1.23758
8.11 0.974818 1.240334
8.120000000000001 0.975291 1.244006
8.13 0.975729 1.244388
8.14 0.97612 1.240319
8.15 0.97646 1.235959
8.16 0.976747 1.233465
8.17 0.976983 1.231774
8.18 0.977173 1.230651
8.19 0.977323 1.231322
8.2 0.977437 1.232081
8.21 0.977524 1.234709
8.22 0.977587 1.237361
8.23 0.977631 1.237298
8.24 0.977662 1.234577
8.25 0.977681 1.232733
8.26 0.977693 1.228833
8.27 0.977699 1.222004
8.28 0.977701 1.210601
8.290000000000001 0.9777 1.197391
8.3 0.977697 1.182192
8.31 0.977694 1.162204
8.32 0.97769 1.139213
8.33 0.977685 1.114859
8.34 0.977681 1.089202
8.35 0.977677 1.067854
8.36 0.977673 1.049584
8.370000000000001 0.97767 1.037653
8.38 0.977666 1.031517
8.39 0.977664 1.035364
8.4 0.977661 1.049285
8.41 0.977659 1.072567
8.42 0.977657 1.099415
8.43 0.977655 1.126344
8.44 0.977654 1.150231
8.45 0.977653 1.171999
8.46 0.977652 1.19363
8.47 0.977651 1.208707
8.48 0.977651 1.222898
8.49 0.977651 1.231912
8.5 0.977652 1.240654
8.51 0.977652 1.248092
8.52 0.977652 1.25627
8.53 0.977651 1.260731
8.540000000000001 0.977648 1.260044
8.55 0.977642 1.25723
8.56 0.977635 1.252099
8.57 0.977629 1.244364
8.58 0.977624 1.234416
8.59 0.977625 1.221184
8.6 0.977633 1.205299
8.61 0.977647 1.191764
8.620000000000001 0.977662 1.178902
8.63 0.977674 1.170053
8.64 0.977678 1.166422
8.65 0.977673 1.16637
8.66 0.97766 1.173782
8.67 0.977645 1.186364
8.68 0.977632 1.203733
8.69 0.977625 1.217512
8.700000000000001 0.977625 1.225751
8.71 0.977629 1.232691
8.72 0.977636 1.235289
8.73 0.977643 1.235779
8.74 0.977648 1.234743
8.75 0.977651 1.233865
8.76 0.977652 1.234047
8.77 0.977652 1.233966
8.78 0.977652 1.233047
8.790000000000001 0.977651 1.232
8.8 0.977651 1.232328
8.81 0.977651 1.231249
8.82 0.977652 1.230239
8.83 0.977653 1.228678
8.84 0.977654 1.230235
8.85 0.977655 1.232312
8.86 0.977657 1.235443
8.870000000000001 0.977659 1.23948
8.88 0.977661 1.243197
8.89 0.977664 1.244238
8.9 0.977667 1.24418
8.91 0.97767 1.242415
8.92 0.977673 1.238607
8.93 0.977677 1.231729
8.94 0.977681 1.225733
8.950000000000001 0.977686 1.22053
8.96 0.97769 1.214191
8.97 0.977694 1.208112
8.98 0.977698 1.202673
8.99 0.9777 1.195155
9.0 0.977701 1.185152
9.01 0.977698 1.175153
9.02 0.977692 1.165286
9.03 0.977679 1.153925
9.040000000000001 0.977659 1.142817
9.05 0.977627 1.130506
9.06 0.97758 1.113932
9.07 0.977514 1.097877
9.08 0.977425 1.080446
9.09 0.977306 1.060418
9.1 0.977152 1.039348
9.11 0.976956 1.015117
9.120000000000001 0.976714 0.992981
9.13 0.976421 0.964999
9.14 0.976074 0.938305
9.15 0.975677 0.908996
9.16 0.975234 0.879015
9.17 0.974758 0.847662
9.18 0.974271 0.812874
9.19 0.973802 0.778425
9.200000000000001 0.97339 0.740334
9.21 0.973083 0.701646
9.22 0.972939 0.661657
9.23 0.973018 0.620826
9.24 0.973382 0.577205
9.25 0.974086 0.533637
9.26 0.975174 0.489352
9.27 0.976665 0.443769
9.28 0.978551 0.397099
9.290000000000001 0.980787 0.35109
9.3 0.983286 0.304635
9.31 0.985921 0.258828
9.32 0.988529 0.214118
9.33 0.990919 0.169708
9.34 0.992889 0.128118
9.35 0.994238 0.089478
9.36 0.994797 0.05572
9.370000000000001 0.99444 0.028811
9.38 0.99311 0.010823
9.39 0.990827 0.002321
9.4 0.987697 0.000456
9.41 0.983904 0.000405
9.42 0.979694 0.000417
9.43 0.975352 0.000443
9.44 0.971174 0.000481
9.450000000000001 0.967435 0.000587
9.46 0.96437 0.002384
9.47 0.962149 0.011329
9.48 0.960871 0.029921
9.49 0.960552 0.057192
9.5 0.961137 0.091305
9.51 0.962504 0.130489
9.52 0.964484 0.173588
9.53 0.96688 0.218001
9.540000000000001 0.96949 0.264985
9.55 0.972123 0.31182
9.56 0.974614 0.358564
9.57 0.976838 0.405854
9.58 0.978709 0.451497
9.59 0.980185 0.497074
9.6 0.981256 0.541344
9.61 0.981945 0.585121
9.620000000000001 0.982295 0.626805
9.63 0.982363 0.667829
9.64 0.98221 0.706708
9.65 0.981897 0.744512
9.66 0.981482 0.780614
9.67 0.981011 0.815032
9.68 0.980524 0.847712
9.69 0.980049 0.879472
9.700000000000001 0.979608 0.9102
9.71 0.979213 0.938224
9.72 0.978869 0.966678
9.73 0.978578 0.990529
9.74 0.978338 1.017188
9.75 0.978144 1.038927
9.76 0.977991 1.060712
9.77 0.977874 1.079753
9.78 0.977786 1.098243
9.790000000000001 0.977721 1.115003
9.8 0.977675 1.129172
9.81 0.977644 1.142429
9.82 0.977623 1.154507
9.83 0.977611 1.163528
9.84 0.977605 1.17602
9.85 0.977603 1.184994
9.86 0.977603 1.194203
9.870000000000001 0.977606 1.202534
9.88 0.977609 1.208816
9.89 0.977613 1.214393
9.9 0.977618 1.219117
9.91 0.977622 1.225727
9.92 0.977626 1.232104
9.93 0.97763 1.237487
9.94 0.977633 1.242824
9.950000000000001 0.977637 1.244493
9.96 0.977639 1.244519
9.97 0.977642 1.242776
9.98 0.977644 1.238952
9.99 0.977646 1.234785
