0.0 2.0
0.01 1.99999997
0.02 1.99999994
0.03 1.9999999
0.04 1.99999987
0.05 1.99999984
0.06 1.99999981
0.07 1.99999978
0.08 1.99999975
0.09 1.99999973
0.1 1.99999968
0.11 1.99999966
0.12 1.99999963
0.13 1.99999959
0.14 1.99999959
0.15 1.99999954
0.16 1.99999952
0.17 1.99999951
0.18 1.99999945
0.19 1.99999944
0.2 1.99999944
0.21 1.99999937
0.22 1.99999938
0.23 1.99999937
0.24 1.99999929
0.25 1.99999931
0.26 1.99999931
0.27 1.99999922
0.28 1.99999924
0.29 1.99999926
0.3 1.99999917
0.31 1.99999918
0.32 1.99999922
0.33 1.99999913
0.34 1.99999912
0.35000000000000003 1.99999918
0.36 1.99999911
0.37 1.99999907
0.38 1.99999914
0.39 1.99999911
0.4 1.99999903
0.41000000000000003 1.9999991
0.42 1.99999913
0.43 1.99999902
0.44 1.99999906
0.45 1.99999913
0.46 1.99999904
0.47000000000000003 1.99999903
0.48 1.99999913
0.49 1.99999909
0.5 1.99999903
0.51 1.99999912
0.52 1.99999915
0.53 1.99999905
0.54 1.99999912
0.55 1.99999921
0.56 1.99999912
0.5700000000000001 1.99999913
0.58 1.99999924
0.59 1.99999923
0.6 1.99999916
0.61 1.99999927
0.62 1.99999933
0.63 1.99999924
0.64 1.99999931
0.65 1.99999942
0.66 1.99999937
0.67 1.99999936
0.68 1.9999995
0.6900000000000001 1.99999952
0.7000000000000001 1.99999945
0.71 1.99999957
0.72 1.99999966
0.73 1.99999959
0.74 1.99999964
0.75 1.99999979
0.76 1.99999977
0.77 1.99999974
0.78 1.9999999
0.79 1.99999996
0.8 1.99999989
0.81 2.0
0.8200000000000001 2.00000013
0.8300000000000001 2.00000008
0.84 2.00000011
0.85 2.00000028
0.86 2.00000031
0.87 2.00000026
0.88 2.00000042
0.89 2.00000052
0.9 2.00000047
0.91 2.00000055
0.92 2.00000072
0.93 2.00000071
0.9400000000000001 2.00000071
0.9500000000000001 2.00000089
0.96 2.00000096
0.97 2.00000091
0.98 2.00000105
0.99 2.00000119
1.0 2.00000116
1.01 2.00000121
1.02 2.0000014
1.03 2.00000143
1.04 2.0000014
1.05 2.00000158
1.06 2.00000169
1.07 2.00000164
1.08 2.00000175
1.09 2.00000193
1.1 2.00000192
1.11 2.00000193
1.12 2.00000213
1.1300000000000001 2.0000022
1.1400000000000001 2.00000216
1.1500000000000001 2.00000231
1.16 2.00000246
1.17 2.00000242
1.18 2.00000248
1.19 2.00000268
1.2 2.00000271
1.21 2.00000268
1.22 2.00000287
1.23 2.00000298
1.24 2.00000293
1.25 2.00000303
1.26 2.00000322
1.27 2.0000032
1.28 2.0000032
1.29 2.00000341
1.3 2.00000347
1.31 2.00000342
1.32 2.00000356
1.33 2.00000371
1.34 2.00000366
1.35 2.0000037
1.36 2.00000391
1.37 2.00000392
1.3800000000000001 2.00000388
1.3900000000000001 2.00000405
1.4000000000000001 2.00000415
1.41 2.00000408
1.42 2.00000417
1.43 2.00000434
1.44 2.00000431
1.45 2.00000429
1.46 2.00000448
1.47 2.00000452
1.48 2.00000445
1.49 2.00000456
1.5 2.0000047
1.51 2.00000462
1.52 2.00000464
1.53 2.00000482
1.54 2.00000481
1.55 2.00000473
1.56 2.00000488
1.57 2.00000496
1.58 2.00000486
1.59 2.0000049
1.6 2.00000506
1.61 2.00000499
1.62 2.00000493
1.6300000000000001 2.00000509
1.6400000000000001 2.00000511
1.6500000000000001 2.000005
1.6600000000000001 2.00000507
1.67 2.00000518
1.68 2.00000507
1.69 2.00000504
1.7 2.00000518
1.71 2.00000514
1.72 2.00000502
1.73 2.00000512
1.74 2.00000517
1.75 2.00000503
1.76 2.00000503
1.77 2.00000514
1.78 2.00000504
1.79 2.00000494
1.8 2.00000504
1.81 2.00000503
1.82 2.00000487
1.83 2.00000489
1.84 2.00000496
1.85 2.00000481
1.86 2.00000473
1.87 2.00000482
1.8800000000000001 2.00000475
1.8900000000000001 2.00000458
1.9000000000000001 2.00000463
1.9100000000000001 2.00000463
1.92 2.00000445
1.93 2.00000439
1.94 2.00000446
1.95 2.00000432
1.96 2.00000416
1.97 2.00000421
1.98 2.00000416
1.99 2.00000396
2.0 2.00000392
2.0100000000000002 2.00000395
2.02 2.00000376
2.0300000000000002 2.00000362
2.04 2.00000366
2.05 2.00000355
2.06 2.00000334
2.07 2.00000332
2.08 2.00000329
2.09 2.00000307
2.1 2.00000295
2.11 2.00000297
2.12 2.0000028
2.13 2.00000259
2.14 2.00000259
2.15 2.0000025
2.16 2.00000226
2.17 2.00000216
2.18 2.00000215
2.19 2.00000193
2.2 2.00000173
2.21 2.00000173
2.22 2.00000159
2.23 2.00000133
2.24 2.00000126
2.25 2.0000012
2.2600000000000002 2.00000095
2.27 2.00000078
2.2800000000000002 2.00000076
2.29 2.00000057
2.3000000000000003 2.00000032
2.31 2.00000026
2.32 2.00000016
2.33 1.99999988
2.34 1.99999974
2.35 1.99999969
2.36 1.99999947
2.37 1.99999923
2.38 1.99999918
2.39 1.99999903
2.4 1.99999874
2.41 1.99999863
2.42 1.99999855
2.43 1.99999829
2.44 1.99999808
2.45 1.99999803
2.46 1.99999784
2.47 1.99999756
2.48 1.99999747
2.49 1.99999736
2.5 1.99999708
2.5100000000000002 1.9999969
2.52 1.99999684
2.5300000000000002 1.99999662
2.54 1.99999635
2.5500000000000003 1.99999628
2.56 1.99999614
2.57 1.99999585
2.58 1.99999571
2.59 1.99999563
2.6 1.99999538
2.61 1.99999515
2.62 1.99999509
2.63 1.99999492
2.64 1.99999463
2.65 1.99999453
2.66 1.99999444
2.67 1.99999416
2.68 1.99999398
2.69 1.99999392
2.7 1.99999372
2.71 1.99999347
2.72 1.99999339
2.73 1.99999328
2.74 1.999993
2.75 1.99999286
2.7600000000000002 1.99999281
2.77 1.99999258
2.7800000000000002 1.99999237
2.79 1.99999232
2.8000000000000003 1.99999218
2.81 1.99999191
2.82 1.99999183
2.83 1.99999177
2.84 1.99999153
2.85 1.99999136
2.86 1.99999133
2.87 1.99999118
2.88 1.99999095
2.89 1.9999909
2.9 1.99999083
2.91 1.99999059
2.92 1.99999048
2.93 1.99999047
2.94 1.99999029
2.95 1.99999011
2.96 1.9999901
2.97 1.99999002
2.98 1.9999898
2.99 1.99998974
3.0 1.99998974
3.0100000000000002 1.99998956
3.02 1.99998943
3.0300000000000002 1.99998945
3.04 1.99998936
3.0500000000000003 1.99998918
3.06 1.99998918
3.0700000000000003 1.99998917
3.08 1.99998899
3.09 1.99998893
3.1 1.99998898
3.11 1.99998887
3.12 1.99998875
3.13 1.99998879
3.14 1.99998878
3.15 1.99998862
3.16 1.99998863
3.17 1.9999887
3.18 1.99998858
3.19 1.99998852
3.2 1.99998861
3.21 1.99998859
3.22 1.99998848
3.23 1.99998854
3.24 1.99998861
3.25 1.9999885
3.2600000000000002 1.99998852
3.27 1.99998864
3.2800000000000002 1.99998861
3.29 1.99998855
3.3000000000000003 1.99998867
3.31 1.99998874
3.3200000000000003 1.99998865
3.33 1.99998874
3.34 1.99998888
3.35 1.99998884
3.36 1.99998886
3.37 1.99998902
3.38 1.99998908
3.39 1.99998904
3.4 1.99998919
3.41 1.99998934
3.42 1.99998931
3.43 1.9999894
3.44 1.99998959
3.45 1.99998964
3.46 1.99998967
3.47 1.99998987
3.48 1.99999001
3.49 1.99999
3.5 1.99999017
3.5100000000000002 1.99999038
3.52 1.99999042
3.5300000000000002 1.99999052
3.54 1.99999076
3.5500000000000003 1.99999089
3.56 1.99999093
3.5700000000000003 1.99999116
3.58 1.99999137
3.59 1.99999142
3.6 1.99999159
3.61 1.99999186
3.62 1.99999198
3.63 1.99999208
3.64 1.99999235
3.65 1.99999256
3.66 1.99999262
3.67 1.99999286
3.68 1.99999314
3.69 1.99999325
3.7 1.99999341
3.71 1.99999373
3.72 1.99999391
3.73 1.99999402
3.74 1.99999432
3.75 1.99999459
3.7600000000000002 1.99999469
3.77 1.99999493
3.7800000000000002 1.99999526
3.79 1.99999542
3.8000000000000003 1.99999558
3.81 1.99999592
3.8200000000000003 1.99999617
3.83 1.99999629
3.84 1.99999659
3.85 1.99999692
3.86 1.99999707
3.87 1.99999728
3.88 1.99999765
3.89 1.99999787
3.9 1.99999802
3.91 1.99999836
3.92 1.99999867
3.93 1.99999881
3.94 1.99999909
3.95 1.99999945
3.96 1.99999964
3.97 1.99999984
3.98 2.00000021
3.99 2.00000048
4.0 2.00000063
4.01 2.00000096
4.0200000000000005 2.00000131
4.03 2.00000147
4.04 2.00000172
4.05 2.0000021
4.0600000000000005 2.00000233
4.07 2.00000249
4.08 2.00000286
4.09 2.00000317
4.1 2.00000332
4.11 2.00000361
4.12 2.00000398
4.13 2.00000416
4.14 2.00000436
4.15 2.00000475
4.16 2.000005
4.17 2.00000514
4.18 2.00000548
4.19 2.00000581
4.2 2.00000595
4.21 2.00000619
4.22 2.00000657
4.23 2.00000676
4.24 2.00000692
4.25 2.00000727
4.26 2.00000755
4.2700000000000005 2.00000767
4.28 2.00000794
4.29 2.00000828
4.3 2.00000842
4.3100000000000005 2.0000086
4.32 2.00000895
4.33 2.00000916
4.34 2.00000927
4.3500000000000005 2.00000957
4.36 2.00000985
4.37 2.00000995
4.38 2.00001014
4.39 2.00001047
4.4 2.00001061
4.41 2.00001071
4.42 2.00001103
4.43 2.00001124
4.44 2.0000113
4.45 2.00001152
4.46 2.0000118
4.47 2.00001187
4.48 2.00001198
4.49 2.00001228
4.5 2.00001241
4.51 2.00001245
4.5200000000000005 2.00001268
4.53 2.00001289
4.54 2.0000129
4.55 2.00001303
4.5600000000000005 2.00001329
4.57 2.00001334
4.58 2.00001336
4.59 2.0000136
4.6000000000000005 2.00001372
4.61 2.00001369
4.62 2.00001383
4.63 2.00001402
4.64 2.000014
4.65 2.00001402
4.66 2.00001423
4.67 2.00001426
4.68 2.00001421
4.69 2.00001435
4.7 2.00001446
4.71 2.00001437
4.72 2.0000144
4.73 2.00001456
4.74 2.00001451
4.75 2.00001443
4.76 2.00001457
4.7700000000000005 2.00001458
4.78 2.00001445
4.79 2.00001449
4.8 2.00001457
4.8100000000000005 2.00001444
4.82 2.00001435
4.83 2.00001446
4.84 2.00001438
4.8500000000000005 2.00001421
4.86 2.00001425
4.87 2.00001425
4.88 2.00001405
4.89 2.00001397
4.9 2.00001402
4.91 2.00001386
4.92 2.00001367
4.93 2.00001369
4.94 2.0000136
4.95 2.00001335
4.96 2.00001327
4.97 2.00001325
4.98 2.00001301
4.99 2.00001281
5.0 2.0000128
5.01 2.00001262
5.0200000000000005 2.00001234
5.03 2.00001226
5.04 2.00001215
5.05 2.00001185
5.0600000000000005 2.00001166
5.07 2.00001159
5.08 2.00001132
5.09 2.00001103
5.1000000000000005 2.00001094
5.11 2.00001074
5.12 2.00001039
5.13 2.00001021
5.14 2.00001008
5.15 2.00000974
5.16 2.00000944
5.17 2.00000932
5.18 2.00000905
5.19 2.00000867
5.2 2.00000849
5.21 2.00000828
5.22 2.00000789
5.23 2.0000076
5.24 2.00000744
5.25 2.00000709
5.26 2.0000067
5.2700000000000005 2.00000651
5.28 2.00000624
5.29 2.00000581
5.3 2.00000553
5.3100000000000005 2.00000532
5.32 2.00000491
5.33 2.00000452
5.34 2.00000432
5.3500000000000005 2.00000398
5.36 2.00000353
5.37 2.00000327
5.38 2.000003
5.39 2.00000254
5.4 2.00000218
5.41 2.00000195
5.42 2.00000155
5.43 2.00000109
5.44 2.00000084
5.45 2.00000052
5.46 2.00000004
5.47 1.9999997
5.48 1.99999944
5.49 1.99999899
5.5 1.99999856
5.51 1.9999983
5.5200000000000005 1.99999793
5.53 1.99999744
5.54 1.99999713
5.55 1.99999684
5.5600000000000005 1.99999636
5.57 1.99999596
5.58 1.9999957
5.59 1.99999528
5.6000000000000005 1.99999481
5.61 1.99999453
5.62 1.9999942
5.63 1.9999937
5.64 1.99999335
5.65 1.99999308
5.66 1.99999263
5.67 1.99999219
5.68 1.99999193
5.69 1.99999157
5.7 1.99999108
5.71 1.99999078
5.72 1.99999049
5.73 1.99999003
5.74 1.99998965
5.75 1.9999894
5.76 1.99998901
5.7700000000000005 1.99998856
5.78 1.99998829
5.79 1.999988
5.8 1.99998754
5.8100000000000005 1.99998721
5.82 1.99998698
5.83 1.99998658
5.84 1.99998618
5.8500000000000005 1.99998595
5.86 1.99998565
5.87 1.99998521
5.88 1.99998495
5.89 1.99998472
5.9 1.99998432
5.91 1.99998399
5.92 1.9999838
5.93 1.99998349
5.94 1.9999831
5.95 1.9999829
5.96 1.99998268
5.97 1.9999823
5.98 1.99998204
5.99 1.99998188
6.0 1.99998157
6.01 1.99998125
6.0200000000000005 1.99998111
6.03 1.9999809
6.04 1.99998055
6.05 1.99998037
6.0600000000000005 1.99998025
6.07 1.99997995
6.08 1.99997971
6.09 1.99997962
6.1000000000000005 1.99997942
6.11 1.99997913
6.12 1.99997903
6.13 1.99997893
6.140000000000001 1.99997865
6.15 1.99997851
6.16 1.99997847
6.17 1.99997828
6.18 1.99997808
6.19 1.99997805
6.2 1.99997796
6.21 1.99997773
6.22 1.99997768
6.23 1.99997768
6.24 1.99997751
6.25 1.9999774
6.26 1.99997744
6.2700000000000005 1.99997737
6.28 1.99997722
6.29 1.99997725
6.3 1.99997728
6.3100000000000005 1.99997714
6.32 1.99997714
6.33 1.99997723
6.34 1.99997718
6.3500000000000005 1.99997712
6.36 1.99997723
6.37 1.99997728
6.38 1.9999772
6.390000000000001 1.99997729
6.4 1.99997743
6.41 1.9999774
6.42 1.99997744
6.43 1.99997763
6.44 1.99997769
6.45 1.99997769
6.46 1.99997787
6.47 1.99997804
6.48 1.99997805
6.49 1.9999782
6.5 1.99997844
6.51 1.99997852
6.5200000000000005 1.99997861
6.53 1.99997887
6.54 1.99997906
6.55 1.99997913
6.5600000000000005 1.99997937
6.57 1.99997965
6.58 1.99997976
6.59 1.99997995
6.6000000000000005 1.99998028
6.61 1.99998048
6.62 1.99998063
6.63 1.99998095
6.640000000000001 1.99998125
6.65 1.9999814
6.66 1.99998169
6.67 1.99998206
6.68 1.99998228
6.69 1.99998251
6.7 1.99998291
6.71 1.99998322
6.72 1.99998342
6.73 1.9999838
6.74 1.9999842
6.75 1.99998443
6.76 1.99998476
6.7700000000000005 1.9999852
6.78 1.99998552
6.79 1.99998579
6.8 1.99998624
6.8100000000000005 1.99998665
6.82 1.9999869
6.83 1.99998732
6.84 1.9999878
6.8500000000000005 1.99998811
6.86 1.99998846
6.87 1.99998897
6.88 1.99998936
6.890000000000001 1.99998967
6.9 1.99999016
6.91 1.99999064
6.92 1.99999096
6.93 1.99999139
6.94 1.99999192
6.95 1.99999231
6.96 1.99999267
6.97 1.99999321
6.98 1.99999368
6.99 1.99999401
7.0 1.99999446
