0.0 1.00000007
0.01 0.99960016
0.02 0.99840142
0.03 0.9964068
0.04 0.99362136
0.05 0.99005196
0.06 0.98570751
0.07 0.98059872
0.08 0.97473826
0.09 0.96814046
0.1 0.96082149
0.11 0.9527991
0.12 0.94409269
0.13 0.93472316
0.14 0.92471281
0.15 0.91408525
0.16 0.90286539
0.17 0.89107922
0.18 0.87875376
0.19 0.86591696
0.2 0.85259764
0.21 0.83882524
0.22 0.82462988
0.23 0.81004208
0.24 0.79509277
0.25 0.77981317
0.26 0.76423457
0.27 0.74838839
0.28 0.73230595
0.29 0.71601838
0.3 0.69955663
0.31 0.68295115
0.32 0.66623209
0.33 0.64942898
0.34 0.63257072
0.35000000000000003 0.61568553
0.36 0.59880093
0.37 0.58194347
0.38 0.56513893
0.39 0.54841207
0.4 0.53178667
0.41000000000000003 0.51528544
0.42 0.49893004
0.43 0.48274102
0.44 0.46673777
0.45 0.45093855
0.46 0.43536039
0.47000000000000003 0.42001922
0.48 0.40492971
0.49 0.3901054
0.5 0.3755586
0.51 0.36130051
0.52 0.34734113
0.53 0.33368935
0.54 0.32035294
0.55 0.30733857
0.56 0.29465189
0.5700000000000001 0.28229751
0.58 0.27027903
0.59 0.25859912
0.6 0.24725953
0.61 0.23626113
0.62 0.22560398
0.63 0.21528732
0.64 0.20530968
0.65 0.19566887
0.66 0.18636203
0.67 0.17738573
0.68 0.16873594
0.6900000000000001 0.16040812
0.7000000000000001 0.15239726
0.71 0.14469791
0.72 0.1373042
0.73 0.13020996
0.74 0.12340869
0.75 0.11689358
0.76 0.11065763
0.77 0.10469363
0.78 0.09899419
0.79 0.09355181
0.8 0.08835886
0.81 0.08340767
0.8200000000000001 0.0786905
0.8300000000000001 0.0741996
0.84 0.06992724
0.85 0.0658657
0.86 0.06200732
0.87 0.05834449
0.88 0.05486972
0.89 0.0515756
0.9 0.04845484
0.91 0.04550028
0.92 0.0427049
0.93 0.04006184
0.9400000000000001 0.03756439
0.9500000000000001 0.03520602
0.96 0.03298036
0.97 0.03088123
0.98 0.02890263
0.99 0.02703876
1.0 0.02528398
1.01 0.02363286
1.02 0.02208017
1.03 0.02062086
1.04 0.01925006
1.05 0.01796312
1.06 0.01675554
1.07 0.01562303
1.08 0.01456147
1.09 0.01356693
1.1 0.01263564
1.11 0.01176401
1.12 0.0109486
1.1300000000000001 0.01018617
1.1400000000000001 0.0094736
1.1500000000000001 0.00880793
1.16 0.00818636
1.17 0.00760622
1.18 0.00706499
1.19 0.00656027
1.2 0.0060898
1.21 0.00565143
1.22 0.00524313
1.23 0.004863
1.24 0.00450922
1.25 0.00418009
1.26 0.003874
1.27 0.00358945
1.28 0.00332502
1.29 0.00307935
1.3 0.00285121
1.31 0.00263941
1.32 0.00244283
1.33 0.00226045
1.34 0.00209128
1.35 0.00193442
1.36 0.00178901
1.37 0.00165426
1.3800000000000001 0.00152941
1.3900000000000001 0.00141377
1.4000000000000001 0.00130668
1.41 0.00120754
1.42 0.00111578
1.43 0.00103087
1.44 0.00095232
1.45 0.00087966
1.46 0.00081246
1.47 0.00075033
1.48 0.0006929
1.49 0.00063981
1.5 0.00059076
1.51 0.00054543
1.52 0.00050356
1.53 0.00046489
1.54 0.00042917
1.55 0.00039618
1.56 0.00036572
1.57 0.00033761
1.58 0.00031165
1.59 0.00028769
1.6 0.00026558
1.61 0.00024517
1.62 0.00022634
1.6300000000000001 0.00020896
1.6400000000000001 0.00019293
1.6500000000000001 0.00017814
1.6600000000000001 0.00016449
1.67 0.00015189
1.68 0.00014028
1.69 0.00012956
1.7 0.00011967
1.71 0.00011055
1.72 0.00010214
1.73 9.437e-5
1.74 8.721e-5
1.75 8.06e-5
1.76 7.451e-5
1.77 6.888e-5
1.78 6.369e-5
1.79 5.89e-5
1.8 5.448e-5
1.81 5.04e-5
1.82 4.664e-5
1.83 4.316e-5
1.84 3.996e-5
1.85 3.7e-5
1.86 3.426e-5
1.87 3.174e-5
1.8800000000000001 2.94e-5
1.8900000000000001 2.725e-5
1.9000000000000001 2.526e-5
1.9100000000000001 2.342e-5
1.92 2.172e-5
1.93 2.015e-5
1.94 1.87e-5
1.95 1.736e-5
1.96 1.612e-5
1.97 1.497e-5
1.98 1.391e-5
1.99 1.293e-5
2.0 1.202e-5
2.0100000000000002 1.118e-5
2.02 1.04e-5
2.0300000000000002 9.68e-6
2.04 9.01e-6
2.05 8.39e-6
2.06 7.82e-6
2.07 7.28e-6
2.08 6.79e-6
2.09 6.33e-6
2.1 5.91e-6
2.11 5.52e-6
2.12 5.15e-6
2.13 4.81e-6
2.14 4.5e-6
2.15 4.21e-6
2.16 3.94e-6
2.17 3.68e-6
2.18 3.45e-6
2.19 3.23e-6
2.2 3.03e-6
2.21 2.84e-6
2.22 2.66e-6
2.23 2.5e-6
2.24 2.35e-6
2.25 2.2e-6
2.2600000000000002 2.07e-6
2.27 1.95e-6
2.2800000000000002 1.83e-6
2.29 1.73e-6
2.3000000000000003 1.62e-6
2.31 1.53e-6
2.32 1.44e-6
2.33 1.36e-6
2.34 1.29e-6
2.35 1.21e-6
2.36 1.15e-6
2.37 1.08e-6
2.38 1.03e-6
2.39 9.7e-7
2.4 9.2e-7
2.41 8.7e-7
2.42 8.3e-7
2.43 7.8e-7
2.44 7.4e-7
2.45 7.1e-7
2.46 6.7e-7
2.47 6.4e-7
2.48 6.1e-7
2.49 5.8e-7
2.5 5.5e-7
2.5100000000000002 5.3e-7
2.52 5.0e-7
2.5300000000000002 4.8e-7
2.54 4.6e-7
2.5500000000000003 4.4e-7
2.56 4.2e-7
2.57 4.0e-7
2.58 3.8e-7
2.59 3.7e-7
2.6 3.5e-7
2.61 3.4e-7
2.62 3.3e-7
2.63 3.1e-7
2.64 3.0e-7
2.65 2.9e-7
2.66 2.8e-7
2.67 2.7e-7
2.68 2.6e-7
2.69 2.5e-7
2.7 2.4e-7
2.71 2.3e-7
2.72 2.3e-7
2.73 2.2e-7
2.74 2.1e-7
2.75 2.1e-7
2.7600000000000002 2.0e-7
2.77 1.9e-7
2.7800000000000002 1.9e-7
2.79 1.8e-7
2.8000000000000003 1.8e-7
2.81 1.7e-7
2.82 1.7e-7
2.83 1.7e-7
2.84 1.6e-7
2.85 1.6e-7
2.86 1.5e-7
2.87 1.5e-7
2.88 1.5e-7
2.89 1.4e-7
2.9 1.4e-7
2.91 1.4e-7
2.92 1.4e-7
2.93 1.3e-7
2.94 1.3e-7
2.95 1.3e-7
2.96 1.3e-7
2.97 1.3e-7
2.98 1.2e-7
2.99 1.2e-7
3.0 1.2e-7
3.0100000000000002 1.2e-7
3.02 1.2e-7
3.0300000000000002 1.2e-7
3.04 1.2e-7
3.0500000000000003 1.2e-7
3.06 1.2e-7
3.0700000000000003 1.1e-7
3.08 1.1e-7
3.09 1.1e-7
3.1 1.1e-7
3.11 1.1e-7
3.12 1.1e-7
3.13 1.1e-7
3.14 1.1e-7
3.15 1.1e-7
3.16 1.1e-7
3.17 1.1e-7
3.18 1.1e-7
3.19 1.1e-7
3.2 1.1e-7
3.21 1.1e-7
3.22 1.2e-7
3.23 1.2e-7
3.24 1.2e-7
3.25 1.2e-7
3.2600000000000002 1.2e-7
3.27 1.2e-7
3.2800000000000002 1.2e-7
3.29 1.2e-7
3.3000000000000003 1.2e-7
3.31 1.3e-7
3.3200000000000003 1.3e-7
3.33 1.3e-7
3.34 1.3e-7
3.35 1.3e-7
3.36 1.4e-7
3.37 1.4e-7
3.38 1.4e-7
3.39 1.4e-7
3.4 1.5e-7
3.41 1.5e-7
3.42 1.5e-7
3.43 1.6e-7
3.44 1.6e-7
3.45 1.6e-7
3.46 1.7e-7
3.47 1.7e-7
3.48 1.8e-7
3.49 1.8e-7
3.5 1.9e-7
3.5100000000000002 1.9e-7
3.52 2.0e-7
3.5300000000000002 2.0e-7
3.54 2.1e-7
3.5500000000000003 2.2e-7
3.56 2.2e-7
3.5700000000000003 2.3e-7
3.58 2.4e-7
3.59 2.5e-7
3.6 2.6e-7
3.61 2.7e-7
3.62 2.8e-7
3.63 2.9e-7
3.64 3.0e-7
3.65 3.1e-7
3.66 3.2e-7
3.67 3.4e-7
3.68 3.5e-7
3.69 3.6e-7
3.7 3.8e-7
3.71 4.0e-7
3.72 4.1e-7
3.73 4.3e-7
3.74 4.5e-7
3.75 4.7e-7
3.7600000000000002 5.0e-7
3.77 5.2e-7
3.7800000000000002 5.4e-7
3.79 5.7e-7
3.8000000000000003 6.0e-7
3.81 6.3e-7
3.8200000000000003 6.6e-7
3.83 7.0e-7
3.84 7.3e-7
3.85 7.7e-7
3.86 8.1e-7
3.87 8.6e-7
3.88 9.0e-7
3.89 9.5e-7
3.9 1.01e-6
3.91 1.07e-6
3.92 1.13e-6
3.93 1.19e-6
3.94 1.26e-6
3.95 1.34e-6
3.96 1.42e-6
3.97 1.5e-6
3.98 1.59e-6
3.99 1.69e-6
4.0 1.8e-6
4.01 1.91e-6
4.0200000000000005 2.03e-6
4.03 2.16e-6
4.04 2.3e-6
4.05 2.45e-6
4.0600000000000005 2.61e-6
4.07 2.78e-6
4.08 2.97e-6
4.09 3.16e-6
4.1 3.38e-6
4.11 3.61e-6
4.12 3.85e-6
4.13 4.12e-6
4.14 4.4e-6
4.15 4.71e-6
4.16 5.04e-6
4.17 5.4e-6
4.18 5.78e-6
4.19 6.2e-6
4.2 6.64e-6
4.21 7.12e-6
4.22 7.64e-6
4.23 8.2e-6
4.24 8.81e-6
4.25 9.46e-6
4.26 1.016e-5
4.2700000000000005 1.092e-5
4.28 1.174e-5
4.29 1.263e-5
4.3 1.359e-5
4.3100000000000005 1.462e-5
4.32 1.574e-5
4.33 1.695e-5
4.34 1.826e-5
4.3500000000000005 1.968e-5
4.36 2.121e-5
4.37 2.286e-5
4.38 2.466e-5
4.39 2.66e-5
4.4 2.87e-5
4.41 3.097e-5
4.42 3.343e-5
4.43 3.61e-5
4.44 3.899e-5
4.45 4.211e-5
4.46 4.55e-5
4.47 4.917e-5
4.48 5.315e-5
4.49 5.746e-5
4.5 6.212e-5
4.51 6.718e-5
4.5200000000000005 7.267e-5
4.53 7.861e-5
4.54 8.505e-5
4.55 9.203e-5
4.5600000000000005 9.959e-5
4.57 0.0001078
4.58 0.00011669
4.59 0.00012632
4.6000000000000005 0.00013677
4.61 0.00014809
4.62 0.00016036
4.63 0.00017367
4.64 0.00018809
4.65 0.00020371
4.66 0.00022065
4.67 0.00023901
4.68 0.0002589
4.69 0.00028046
4.7 0.00030381
4.71 0.00032911
4.72 0.00035652
4.73 0.00038621
4.74 0.00041837
4.75 0.0004532
4.76 0.00049091
4.7700000000000005 0.00053174
4.78 0.00057593
4.79 0.00062377
4.8 0.00067554
4.8100000000000005 0.00073155
4.82 0.00079214
4.83 0.00085768
4.84 0.00092856
4.8500000000000005 0.00100519
4.86 0.00108803
4.87 0.00117755
4.88 0.00127428
4.89 0.00137877
4.9 0.00149162
4.91 0.00161346
4.92 0.00174498
4.93 0.00188692
4.94 0.00204004
4.95 0.00220519
4.96 0.00238327
4.97 0.00257521
4.98 0.00278206
4.99 0.00300487
5.0 0.00324483
5.01 0.00350315
5.0200000000000005 0.00378114
5.03 0.00408021
5.04 0.00440184
5.05 0.00474759
5.0600000000000005 0.00511915
5.07 0.00551828
5.08 0.00594686
5.09 0.00640689
5.1000000000000005 0.00690047
5.11 0.00742982
5.12 0.00799731
5.13 0.00860541
5.14 0.00925675
5.15 0.00995408
5.16 0.01070032
5.17 0.01149852
5.18 0.0123519
5.19 0.01326382
5.2 0.01423783
5.21 0.01527765
5.22 0.01638714
5.23 0.01757037
5.24 0.01883159
5.25 0.0201752
5.26 0.02160583
5.2700000000000005 0.02312827
5.28 0.0247475
5.29 0.02646872
5.3 0.02829728
5.3100000000000005 0.03023876
5.32 0.0322989
5.33 0.03448364
5.34 0.0367991
5.3500000000000005 0.0392516
5.36 0.04184761
5.37 0.04459379
5.38 0.04749695
5.39 0.05056407
5.4 0.05380225
5.41 0.05721875
5.42 0.06082093
5.43 0.06461628
5.44 0.06861236
5.45 0.07281682
5.46 0.07723736
5.47 0.0818817
5.48 0.08675761
5.49 0.09187282
5.5 0.09723502
5.51 0.10285187
5.5200000000000005 0.10873091
5.53 0.11487956
5.54 0.1213051
5.55 0.1280146
5.5600000000000005 0.13501494
5.57 0.1423127
5.58 0.14991418
5.59 0.15782536
5.6000000000000005 0.16605179
5.61 0.17459866
5.62 0.18347065
5.63 0.19267196
5.64 0.20220621
5.65 0.21207646
5.66 0.22228511
5.67 0.23283385
5.68 0.24372369
5.69 0.25495483
5.7 0.26652666
5.71 0.27843771
5.72 0.29068562
5.73 0.30326709
5.74 0.31617781
5.75 0.32941248
5.76 0.34296478
5.7700000000000005 0.35682726
5.78 0.37099141
5.79 0.38544756
5.8 0.40018492
5.8100000000000005 0.41519153
5.82 0.43045422
5.83 0.44595871
5.84 0.46168945
5.8500000000000005 0.47762977
5.86 0.49376178
5.87 0.51006648
5.88 0.52652367
5.89 0.54311202
5.9 0.55980918
5.91 0.57659171
5.92 0.59343511
5.93 0.61031394
5.94 0.62720192
5.95 0.64407181
5.96 0.6608956
5.97 0.67764461
5.98 0.69428949
5.99 0.71080027
6.0 0.7271466
6.01 0.74329769
6.0200000000000005 0.7592224
6.03 0.77488953
6.04 0.79026764
6.05 0.80532543
6.0600000000000005 0.82003158
6.07 0.8343551
6.08 0.84826532
6.09 0.86173197
6.1000000000000005 0.87472538
6.11 0.88721655
6.12 0.89917723
6.13 0.91058008
6.140000000000001 0.92139873
6.15 0.93160802
6.16 0.94118386
6.17 0.95010346
6.18 0.95834556
6.19 0.96589024
6.2 0.97271921
6.21 0.97881579
6.22 0.98416511
6.23 0.98875387
6.24 0.99257082
6.25 0.99560643
6.26 0.99785315
6.2700000000000005 0.99930541
6.28 0.99995957
6.29 0.999814
6.3 0.99886905
6.3100000000000005 0.99712708
6.32 0.99459249
6.33 0.99127153
6.34 0.98717248
6.3500000000000005 0.98230549
6.36 0.97668258
6.37 0.9703176
6.38 0.96322613
6.390000000000001 0.95542543
6.4 0.9469344
6.41 0.93777341
6.42 0.92796435
6.43 0.91753046
6.44 0.90649622
6.45 0.89488725
6.46 0.88273032
6.47 0.8700531
6.48 0.85688409
6.49 0.84325258
6.5 0.82918846
6.51 0.81472216
6.5200000000000005 0.79988447
6.53 0.78470654
6.54 0.76921969
6.55 0.75345523
6.5600000000000005 0.73744458
6.57 0.72121894
6.58 0.70480926
6.59 0.68824626
6.6000000000000005 0.67156012
6.61 0.65478061
6.62 0.63793684
6.63 0.62105723
6.640000000000001 0.60416958
6.65 0.58730069
6.66 0.57047662
6.67 0.55372246
6.68 0.53706231
6.69 0.52051924
6.7 0.50411521
6.71 0.48787113
6.72 0.47180682
6.73 0.45594082
6.74 0.44029062
6.75 0.42487245
6.76 0.4097014
6.7700000000000005 0.39479137
6.78 0.38015507
6.79 0.36580405
6.8 0.35174867
6.8100000000000005 0.33799817
6.82 0.3245607
6.83 0.31144328
6.84 0.29865184
6.8500000000000005 0.28619135
6.86 0.27406571
6.87 0.26227789
6.88 0.25082993
6.890000000000001 0.23972297
6.9 0.22895734
6.91 0.21853251
6.92 0.20844725
6.93 0.19869958
6.94 0.18928687
6.95 0.18020584
6.96 0.17145267
6.97 0.16302297
6.98 0.15491186
6.99 0.14711403
7.0 0.13962376
