0.0 0.977619 7.2e-5
0.01 0.973321 7.2e-5
0.02 0.969322 7.4e-5
0.03 0.96588 0.0005
0.04 0.963198 0.005122
0.05 0.961412 0.018433
0.06 0.960579 0.041125
0.07 0.960681 0.071885
0.08 0.961625 0.108462
0.09 0.963265 0.14942
0.1 0.965414 0.193481
0.11 0.967872 0.238979
0.12 0.970437 0.285153
0.13 0.972931 0.331814
0.14 0.975208 0.378551
0.15 0.977161 0.425108
0.16 0.978725 0.470617
0.17 0.979875 0.515094
0.18 0.980616 0.558746
0.19 0.980983 0.600858
0.2 0.981025 0.642006
0.21 0.980801 0.68153
0.22 0.980372 0.719628
0.23 0.979799 0.756253
0.24 0.979133 0.791363
0.25 0.978418 0.824948
0.26 0.97769 0.85731
0.27 0.976973 0.886926
0.28 0.976285 0.915257
0.29 0.975635 0.942349
0.3 0.975029 0.968722
0.31 0.974466 0.993103
0.32 0.973945 1.015129
0.33 0.97346 1.03785
0.34 0.973007 1.057603
0.35000000000000003 0.972581 1.076167
0.36 0.972176 1.092413
0.37 0.971787 1.107697
0.38 0.97141 1.121236
0.39 0.971042 1.132754
0.4 0.97068 1.143884
0.41000000000000003 0.970321 1.153143
0.42 0.969964 1.16424
0.43 0.969608 1.172829
0.44 0.969251 1.18211
0.45 0.968893 1.18879
0.46 0.968533 1.19246
0.47000000000000003 0.968172 1.197152
0.48 0.967809 1.20341
0.49 0.967444 1.209438
0.5 0.967077 1.21457
0.51 0.966708 1.218702
0.52 0.976324 1.216838
0.53 0.976221 1.217031
0.54 0.976114 1.216028
0.55 0.976001 1.212208
0.56 0.975883 1.208445
0.5700000000000001 0.97576 1.202657
0.58 0.975632 1.201026
0.59 0.975499 1.199606
0.6 0.975361 1.199436
0.61 0.975218 1.197928
0.62 0.97507 1.199221
0.63 0.974918 1.198367
0.64 0.974761 1.199007
0.65 0.974599 1.1994
0.66 0.974433 1.198678
0.67 0.97426 1.197229
0.68 0.974082 1.196137
0.6900000000000001 0.973897 1.197594
0.7000000000000001 0.973706 1.196277
0.71 0.973509 1.192272
0.72 0.973309 1.189722
0.73 0.973109 1.181779
0.74 0.97291 1.168205
0.75 0.972713 1.152669
0.76 0.972516 1.138839
0.77 0.972315 1.127685
0.78 0.972106 1.123344
0.79 0.971884 1.124028
0.8 0.97165 1.129065
0.81 0.971407 1.137427
0.8200000000000001 0.97116 1.150293
0.8300000000000001 0.970913 1.162977
0.84 0.970669 1.174874
0.85 0.970427 1.186117
0.86 0.970187 1.194164
0.87 0.969944 1.199243
0.88 0.969697 1.206057
0.89 0.969446 1.207702
0.9 0.96919 1.203821
0.91 0.968929 1.19688
0.92 0.968665 1.187145
0.93 0.968399 1.179366
0.9400000000000001 0.96813 1.170958
0.9500000000000001 0.96786 1.158936
0.96 0.967588 1.144271
0.97 0.967314 1.125409
0.98 0.967038 1.106272
0.99 0.96676 1.083028
1.0 0.96648 1.057781
1.01 0.966198 1.032549
1.02 0.965912 1.008956
1.03 0.965624 0.989546
1.04 0.965333 0.981522
1.05 0.965039 0.981981
1.06 0.964742 0.990344
1.07 0.964443 1.003357
1.08 0.964142 1.019564
1.09 0.96384 1.040804
1.1 0.963537 1.064177
1.11 0.963234 1.084925
1.12 0.972802 1.097109
1.1300000000000001 0.972631 1.113163
1.1400000000000001 0.972457 1.12503
1.1500000000000001 0.972283 1.137314
1.16 0.97211 1.144847
1.17 0.971942 1.148859
1.18 0.97178 1.15064
1.19 0.971628 1.151118
1.2 0.971488 1.152403
1.21 0.971364 1.15087
1.22 0.971258 1.148234
1.23 0.971176 1.14594
1.24 0.97112 1.145117
1.25 0.971096 1.143936
1.26 0.971107 1.144404
1.27 0.971158 1.146457
1.28 0.971251 1.148695
1.29 0.971385 1.149686
1.3 0.971559 1.147823
1.31 0.971763 1.147196
1.32 0.971983 1.143286
1.33 0.972196 1.139
1.34 0.972371 1.133015
1.35 0.972469 1.125982
1.36 0.972442 1.117271
1.37 0.972236 1.105492
1.3800000000000001 0.971794 1.090492
1.3900000000000001 0.971065 1.075177
1.4000000000000001 0.970001 1.054587
1.41 0.968575 1.031787
1.42 0.966782 1.005139
1.43 0.964646 0.974151
1.44 0.962228 0.940467
1.45 0.959625 0.902608
1.46 0.956971 0.862836
1.47 0.954427 0.817262
1.48 0.952174 0.772578
1.49 0.950394 0.723758
1.5 0.949253 0.676439
1.51 0.948882 0.633494
1.52 0.949363 0.600101
1.53 0.950713 0.577274
1.54 0.95288 0.565143
1.55 0.955745 0.556604
1.56 0.959124 0.550987
1.57 0.962787 0.551537
1.58 0.966478 0.550515
1.59 0.969931 0.554838
1.6 0.972906 0.562228
1.61 0.975203 0.573064
1.62 0.976687 0.593895
1.6300000000000001 0.977295 0.625917
1.6400000000000001 0.977038 0.663494
1.6500000000000001 0.975991 0.708585
1.6600000000000001 0.974285 0.754073
1.67 0.972082 0.801042
1.68 0.969562 0.841753
1.69 0.966904 0.881808
1.7 0.96427 0.918749
1.71 0.961796 0.951535
1.72 0.959584 0.981005
1.73 0.967495 1.002041
1.74 0.966053 1.024909
1.75 0.964967 1.0431
1.76 0.964215 1.06013
1.77 0.963755 1.07493
1.78 0.963536 1.086033
1.79 0.963503 1.095255
1.8 0.963604 1.101599
1.81 0.96379 1.106201
1.82 0.96402 1.108808
1.83 0.964261 1.109589
1.84 0.964488 1.111896
1.85 0.964684 1.109789
1.86 0.964839 1.106945
1.87 0.964948 1.102536
1.8800000000000001 0.96501 1.100523
1.8900000000000001 0.965027 1.098349
1.9000000000000001 0.965003 1.096689
1.9100000000000001 0.964942 1.095795
1.92 0.964849 1.096584
1.93 0.964729 1.09768
1.94 0.964587 1.099458
1.95 0.964427 1.099124
1.96 0.964252 1.096763
1.97 0.964065 1.095373
1.98 0.963868 1.090951
1.99 0.963663 1.082341
2.0 0.963451 1.073088
2.0100000000000002 0.963234 1.059987
2.02 0.963012 1.044579
2.0300000000000002 0.962786 1.026503
2.04 0.962558 1.005102
2.05 0.962327 0.98338
2.06 0.962096 0.961488
2.07 0.961863 0.942525
2.08 0.961631 0.928227
2.09 0.9614 0.918067
2.1 0.96117 0.914361
2.11 0.960941 0.919305
2.12 0.960713 0.932779
2.13 0.960487 0.952139
2.14 0.960261 0.97468
2.15 0.960035 0.996099
2.16 0.959809 1.015561
2.17 0.959582 1.03416
2.18 0.959353 1.049813
2.19 0.959124 1.063727
2.2 0.958893 1.073845
2.21 0.95866 1.08085
2.22 0.958426 1.086821
2.23 0.958191 1.092742
2.24 0.957953 1.098708
2.25 0.957713 1.100957
2.2600000000000002 0.95747 1.099382
2.27 0.957224 1.096433
2.2800000000000002 0.956977 1.090828
2.29 0.956729 1.083239
2.3000000000000003 0.956483 1.073606
2.31 0.956241 1.06044
2.32 0.956004 1.046933
2.33 0.955769 1.035391
2.34 0.955534 1.023898
2.35 0.965114 1.010712
2.36 0.964943 1.006991
2.37 0.964762 1.007786
2.38 0.964574 1.013902
2.39 0.964381 1.025498
2.4 0.964188 1.03744
2.41 0.963997 1.047363
2.42 0.963807 1.054257
2.43 0.963618 1.058163
2.44 0.963428 1.058863
2.45 0.963236 1.057622
2.46 0.963041 1.056366
2.47 0.962844 1.055611
2.48 0.962646 1.054963
2.49 0.962449 1.054522
2.5 0.962252 1.053202
2.5100000000000002 0.962056 1.051697
2.52 0.961862 1.050158
2.5300000000000002 0.961669 1.047661
2.54 0.961477 1.045392
2.5500000000000003 0.961285 1.044651
2.56 0.961093 1.043589
2.57 0.960901 1.046569
2.58 0.960707 1.047691
2.59 0.960513 1.051213
2.6 0.960319 1.051976
2.61 0.960123 1.051907
2.62 0.959927 1.049662
2.63 0.95973 1.046332
2.64 0.959532 1.041312
2.65 0.959334 1.034014
2.66 0.959136 1.027735
2.67 0.958937 1.022814
2.68 0.958737 1.016679
2.69 0.958537 1.009024
2.7 0.958336 1.002311
2.71 0.958133 0.993857
2.72 0.957928 0.983786
2.73 0.95772 0.973745
2.74 0.957509 0.962904
2.75 0.957293 0.952581
2.7600000000000002 0.957072 0.940304
2.77 0.956841 0.928169
2.7800000000000002 0.9566 0.912172
2.79 0.956344 0.896102
2.8000000000000003 0.95607 0.879788
2.81 0.955772 0.861161
2.82 0.955447 0.842841
2.83 0.95509 0.820395
2.84 0.954697 0.798475
2.85 0.954267 0.774698
2.86 0.953798 0.750205
2.87 0.953297 0.724023
2.88 0.952772 0.696433
2.89 0.952238 0.669105
2.9 0.951718 0.63972
2.91 0.951242 0.609852
2.92 0.950848 0.57824
2.93 0.950581 0.546204
2.94 0.950489 0.513345
2.95 0.950623 0.479718
2.96 0.951031 0.445705
2.97 0.951751 0.410751
2.98 0.952806 0.375228
2.99 0.954198 0.338373
3.0 0.955901 0.301406
3.0100000000000002 0.95786 0.263944
3.02 0.959985 0.226847
3.0300000000000002 0.962155 0.190263
3.04 0.964225 0.153719
3.0500000000000003 0.966034 0.118986
3.06 0.967419 0.086292
3.0700000000000003 0.968228 0.057496
3.08 0.96834 0.033891
3.09 0.977537 0.011396
3.1 0.97608 0.00259
3.11 0.973872 0.002098
3.12 0.971022 0.002078
3.13 0.967699 0.002076
3.14 0.964113 0.002074
3.15 0.960498 0.002081
3.16 0.957088 0.002082
3.17 0.954097 0.00209
3.18 0.951698 0.002141
3.19 0.950015 0.007205
3.2 0.949109 0.02183
3.21 0.948982 0.043011
3.22 0.949577 0.069721
3.23 0.950788 0.10101
3.24 0.952475 0.135343
3.25 0.95448 0.171694
3.2600000000000002 0.95664 0.208408
3.27 0.958805 0.24575
3.2800000000000002 0.960847 0.282988
3.29 0.962665 0.319832
3.3000000000000003 0.964194 0.356042
3.31 0.965398 0.39156
3.3200000000000003 0.966269 0.425203
3.33 0.966826 0.458183
3.34 0.967101 0.490452
3.35 0.96714 0.522017
3.36 0.96699 0.553104
3.37 0.966704 0.583147
3.38 0.966327 0.612598
3.39 0.9659 0.641112
3.4 0.965458 0.667386
3.41 0.965026 0.693297
3.42 0.964624 0.71779
3.43 0.964261 0.741283
3.44 0.963946 0.764546
3.45 0.963678 0.785519
3.46 0.963455 0.805961
3.47 0.963273 0.825926
3.48 0.963127 0.841977
3.49 0.963009 0.859334
3.5 0.962915 0.873921
3.5100000000000002 0.962838 0.888338
3.52 0.962774 0.900967
3.5300000000000002 0.96272 0.911871
3.54 0.962673 0.922855
3.5500000000000003 0.962631 0.931684
3.56 0.962594 0.942182
3.5700000000000003 0.96256 0.950433
3.58 0.96253 0.958638
3.59 0.962503 0.965762
3.6 0.96248 0.970307
3.61 0.96246 0.975247
3.62 0.962442 0.981897
3.63 0.962428 0.986163
3.64 0.962415 0.992359
3.65 0.962402 0.996208
3.66 0.96239 0.999893
3.67 0.962376 1.001478
3.68 0.96236 1.000947
3.69 0.962341 0.999181
3.7 0.962318 0.996016
3.71 0.962291 0.991569
3.72 0.96226 0.991551
3.73 0.962226 0.989489
3.74 0.962188 0.990657
3.75 0.962148 0.990671
3.7600000000000002 0.962107 0.991574
3.77 0.962066 0.992194
3.7800000000000002 0.962026 0.992103
3.79 0.961988 0.992458
3.8000000000000003 0.961952 0.99233
3.81 0.961918 0.99036
3.8200000000000003 0.961886 0.989429
3.83 0.961855 0.990331
3.84 0.961825 0.989039
3.85 0.961796 0.986579
3.86 0.961768 0.984785
3.87 0.961742 0.978652
3.88 0.96172 0.967417
3.89 0.961702 0.955604
3.9 0.961684 0.944554
3.91 0.961666 0.935494
3.92 0.961642 0.931313
3.93 0.96161 0.931807
3.94 0.961572 0.935435
3.95 0.961529 0.941289
3.96 0.961487 0.949827
3.97 0.961449 0.959163
3.98 0.961419 0.968678
3.99 0.961397 0.978821
4.0 0.961382 0.985104
4.01 0.961371 0.989113
4.0200000000000005 0.961362 0.994741
4.03 0.961354 0.995889
4.04 0.961344 0.992781
4.05 0.961332 0.987836
4.0600000000000005 0.961318 0.979748
4.07 0.9613 0.971645
4.08 0.96128 0.965537
4.09 0.961255 0.955213
4.1 0.961226 0.943466
4.11 0.961193 0.928615
4.12 0.961157 0.913786
4.13 0.961117 0.895721
4.14 0.961074 0.876008
4.15 0.96103 0.856789
4.16 0.960985 0.838593
4.17 0.960941 0.824634
4.18 0.960899 0.816895
4.19 0.960858 0.816324
4.2 0.960821 0.822045
4.21 0.960786 0.831163
4.22 0.960754 0.842719
4.23 0.960724 0.856872
4.24 0.960695 0.874123
4.25 0.960668 0.890396
4.26 0.960642 0.90571
4.2700000000000005 0.960616 0.918539
4.28 0.960591 0.929153
4.29 0.960566 0.938274
4.3 0.960543 0.944276
4.3100000000000005 0.960524 0.947776
4.32 0.960509 0.948704
4.33 0.960501 0.948345
4.34 0.960504 0.949574
4.3500000000000005 0.960521 0.94772
4.36 0.960557 0.945683
4.37 0.960616 0.94459
4.38 0.960702 0.943878
4.39 0.960821 0.943551
4.4 0.960976 0.943653
4.41 0.96117 0.945135
4.42 0.961404 0.945827
4.43 0.961677 0.945952
4.44 0.961983 0.944126
4.45 0.962313 0.942541
4.46 0.96265 0.94076
4.47 0.962974 0.935938
4.48 0.963256 0.931691
4.49 0.963462 0.92422
4.5 0.963552 0.91459
4.51 0.963482 0.903586
4.5200000000000005 0.963208 0.890055
4.53 0.96269 0.875241
4.54 0.961893 0.85776
4.55 0.960799 0.837773
4.5600000000000005 0.959409 0.814523
4.57 0.957747 0.788263
4.58 0.955866 0.760275
4.59 0.953847 0.729048
4.6000000000000005 0.9518 0.696426
4.61 0.949856 0.659798
4.62 0.948159 0.625534
4.63 0.946855 0.589947
4.64 0.946077 0.555495
4.65 0.94593 0.526585
4.66 0.946482 0.505773
4.67 0.947748 0.493101
4.68 0.949692 0.485366
4.69 0.95222 0.479188
4.7 0.955191 0.474952
4.71 0.958424 0.475191
4.72 0.961713 0.473725
4.73 0.964845 0.476569
4.74 0.967621 0.481453
4.75 0.969872 0.487259
4.76 0.971476 0.496398
4.7700000000000005 0.972368 0.511351
4.78 0.97254 0.533447
4.79 0.972039 0.563247
4.8 0.970958 0.595598
4.8100000000000005 0.96942 0.631503
4.82 0.967568 0.664438
4.83 0.965546 0.697026
4.84 0.963493 0.727969
4.8500000000000005 0.961527 0.756103
4.86 0.959743 0.781818
4.87 0.958208 0.806554
4.88 0.956959 0.826931
4.89 0.956009 0.845107
4.9 0.955349 0.860209
4.91 0.954954 0.87411
4.92 0.954785 0.885336
4.93 0.954799 0.896057
4.94 0.954954 0.902407
4.95 0.955205 0.907528
4.96 0.955515 0.910971
4.97 0.955851 0.91172
4.98 0.956188 0.913996
4.99 0.956507 0.913162
5.0 0.956796 0.911652
5.01 0.957045 0.909551
5.0200000000000005 0.957254 0.907419
5.03 0.957421 0.905667
5.04 0.957549 0.903382
5.05 0.957643 0.902132
5.0600000000000005 0.957707 0.901438
5.07 0.957748 0.900852
5.08 0.95777 0.902813
5.09 0.957778 0.90314
5.1000000000000005 0.957776 0.902139
5.11 0.957767 0.901883
5.12 0.957754 0.898957
5.13 0.957737 0.893618
5.14 0.957719 0.885819
5.15 0.957699 0.875957
5.16 0.957677 0.864651
5.17 0.957653 0.850225
5.18 0.957627 0.833425
5.19 0.957599 0.816927
5.2 0.957567 0.80186
5.21 0.957531 0.787762
5.22 0.957492 0.776699
5.23 0.957449 0.769292
5.24 0.957404 0.7647
5.25 0.957355 0.765309
5.26 0.957305 0.773112
5.2700000000000005 0.957253 0.78653
5.28 0.957201 0.803235
5.29 0.957149 0.818689
5.3 0.957098 0.83397
5.3100000000000005 0.957047 0.84834
5.32 0.966688 0.856335
5.33 0.966671 0.86845
5.34 0.966652 0.876899
5.3500000000000005 0.966633 0.882721
5.36 0.966612 0.886968
5.37 0.966591 0.891556
5.38 0.966568 0.897209
5.39 0.966544 0.899055
5.4 0.966519 0.898275
5.41 0.966491 0.896016
5.42 0.966462 0.891641
5.43 0.966433 0.884445
5.44 0.966405 0.876649
5.45 0.966381 0.867417
5.46 0.966361 0.85624
5.47 0.966343 0.847243
5.48 0.966325 0.838769
5.49 0.966305 0.833125
5.5 0.966279 0.829482
5.51 0.966247 0.828766
5.5200000000000005 0.966212 0.832315
5.53 0.966177 0.83982
5.54 0.966145 0.849564
5.55 0.966119 0.85698
5.5600000000000005 0.966099 0.863397
5.57 0.966083 0.866821
5.58 0.966069 0.867258
5.59 0.966056 0.866394
5.6000000000000005 0.966041 0.865791
5.61 0.966024 0.86546
5.62 0.966005 0.864374
5.63 0.965984 0.863462
5.64 0.965961 0.862669
5.65 0.965938 0.860771
5.66 0.965914 0.859084
5.67 0.965891 0.85666
5.68 0.965868 0.854186
5.69 0.965847 0.851967
5.7 0.965828 0.850468
5.71 0.965811 0.851624
5.72 0.965797 0.852466
5.73 0.965784 0.854339
5.74 0.965773 0.854925
5.75 0.965764 0.854092
5.76 0.965755 0.85144
5.7700000000000005 0.965746 0.847588
5.78 0.965736 0.84259
5.79 0.965725 0.836084
5.8 0.965711 0.829398
5.8100000000000005 0.965695 0.824468
5.82 0.965675 0.818915
5.83 0.965652 0.811445
5.84 0.965625 0.804995
5.8500000000000005 0.965593 0.796271
5.86 0.965557 0.787185
5.87 0.965515 0.777578
5.88 0.965467 0.769085
5.89 0.965411 0.758405
5.9 0.965345 0.747603
5.91 0.965269 0.736139
5.92 0.965178 0.721431
5.93 0.965071 0.709027
5.94 0.964943 0.694463
5.95 0.964792 0.678365
5.96 0.964613 0.661947
5.97 0.964405 0.643806
5.98 0.964164 0.62649
5.99 0.96389 0.605594
6.0 0.963585 0.586545
6.01 0.963254 0.564687
6.0200000000000005 0.962905 0.543725
6.03 0.962552 0.521895
6.04 0.962215 0.499143
6.05 0.96192 0.476265
6.0600000000000005 0.961698 0.452164
6.07 0.961585 0.427129
6.08 0.96162 0.401484
6.09 0.961845 0.375331
6.1000000000000005 0.962294 0.347345
6.11 0.962998 0.319722
6.12 0.963972 0.290582
6.13 0.965215 0.261503
6.140000000000001 0.966703 0.231455
6.15 0.968388 0.201156
6.16 0.970196 0.170905
6.17 0.972029 0.140982
6.18 0.973768 0.112203
6.19 0.975285 0.084747
6.2 0.976447 0.059579
6.21 0.977133 0.037771
6.22 0.977245 0.019672
6.23 0.976718 0.007094
6.24 0.975535 0.004207
6.25 0.973728 0.004175
6.26 0.971382 0.004155
6.2700000000000005 0.968627 0.004146
6.28 0.965631 0.004142
6.29 0.962582 0.004143
6.3 0.959669 0.004151
6.3100000000000005 0.95707 0.004167
6.32 0.954932 0.004189
6.33 0.953365 0.00422
6.34 0.952431 0.010331
6.3500000000000005 0.952143 0.024846
6.36 0.952468 0.044005
6.37 0.953331 0.066867
6.38 0.954627 0.093078
6.390000000000001 0.956231 0.121292
6.4 0.958011 0.150776
6.41 0.959843 0.181168
6.42 0.961614 0.211561
6.43 0.963234 0.241932
6.44 0.964638 0.271665
6.45 0.965787 0.300729
6.46 0.966666 0.328563
6.47 0.96728 0.355651
6.48 0.96765 0.382216
6.49 0.967809 0.407214
6.5 0.967794 0.43176
6.51 0.967647 0.454994
6.5200000000000005 0.967406 0.477196
6.53 0.967107 0.498844
6.54 0.966778 0.519827
6.55 0.966444 0.539931
6.5600000000000005 0.966122 0.560129
6.57 0.965824 0.579294
6.58 0.965555 0.598144
6.59 0.965319 0.615518
6.6000000000000005 0.965115 0.633325
6.61 0.964941 0.64969
6.62 0.964794 0.664057
6.63 0.964669 0.678601
6.640000000000001 0.964565 0.691707
6.65 0.964478 0.704513
6.66 0.964405 0.715699
6.67 0.964344 0.726441
6.68 0.964295 0.736362
6.69 0.964256 0.744964
6.7 0.964226 0.754045
6.71 0.964205 0.761654
6.72 0.96419 0.769594
6.73 0.964182 0.776443
6.74 0.964178 0.781957
6.75 0.964178 0.788279
6.76 0.964178 0.793714
6.7700000000000005 0.964179 0.797296
6.78 0.964179 0.803178
6.79 0.964176 0.807394
6.8 0.96417 0.812245
6.8100000000000005 0.96416 0.813848
6.82 0.964147 0.815031
6.83 0.964131 0.81387
6.84 0.964113 0.812463
6.8500000000000005 0.964093 0.809845
6.86 0.964073 0.809219
6.87 0.964054 0.80861
6.88 0.964035 0.809132
6.890000000000001 0.964018 0.810193
6.9 0.964003 0.811711
6.91 0.96399 0.813159
6.92 0.963978 0.813296
6.93 0.963967 0.813777
6.94 0.963956 0.814142
6.95 0.963944 0.812538
6.96 0.963931 0.811748
6.97 0.963915 0.812367
6.98 0.963896 0.810843
6.99 0.963876 0.809333
7.0 0.963856 0.808246
7.01 0.963838 0.803619
7.0200000000000005 0.963825 0.795447
7.03 0.963817 0.786705
7.04 0.963813 0.777963
7.05 0.963812 0.771018
7.0600000000000005 0.963811 0.76746
7.07 0.963806 0.767281
7.08 0.963796 0.769725
7.09 0.963783 0.773709
7.1000000000000005 0.963768 0.778845
7.11 0.963754 0.786848
7.12 0.963741 0.793695
7.13 0.96373 0.801994
7.140000000000001 0.96372 0.807724
7.15 0.96371 0.810943
7.16 0.963699 0.815037
7.17 0.963685 0.815841
7.18 0.963669 0.814228
7.19 0.963652 0.810315
7.2 0.963636 0.803836
7.21 0.96362 0.797873
7.22 0.963606 0.792742
7.23 0.963594 0.78532
7.24 0.963584 0.775543
7.25 0.963575 0.764363
7.26 0.963568 0.753581
7.2700000000000005 0.96356 0.740732
7.28 0.963552 0.72724
7.29 0.963542 0.713853
7.3 0.963529 0.701946
7.3100000000000005 0.963514 0.692545
7.32 0.963496 0.687129
7.33 0.963475 0.687241
7.34 0.963452 0.691155
7.3500000000000005 0.963427 0.696499
7.36 0.963401 0.703584
7.37 0.963376 0.711291
7.38 0.963353 0.7213
7.390000000000001 0.963332 0.732644
7.4 0.963316 0.74392
7.41 0.963304 0.753524
7.42 0.963298 0.762155
7.43 0.963298 0.768745
7.44 0.963305 0.773721
7.45 0.963319 0.776535
7.46 0.963341 0.776486
7.47 0.963372 0.775506
7.48 0.963413 0.775807
7.49 0.963466 0.774972
7.5 0.963533 0.774276
7.51 0.963617 0.773441
7.5200000000000005 0.963721 0.77251
7.53 0.963848 0.772445
7.54 0.964001 0.773199
7.55 0.964183 0.773474
7.5600000000000005 0.964393 0.773044
7.57 0.96463 0.772416
7.58 0.96489 0.770374
7.59 0.965163 0.768508
7.6000000000000005 0.965438 0.767433
7.61 0.965695 0.763195
7.62 0.965911 0.758881
7.63 0.966056 0.751803
7.640000000000001 0.966099 0.743218
7.65 0.966003 0.732984
7.66 0.965734 0.719959
7.67 0.965258 0.706571
7.68 0.964552 0.692134
7.69 0.963601 0.674749
7.7 0.96241 0.655389
7.71 0.961 0.633405
7.72 0.959418 0.61059
7.73 0.95773 0.585902
7.74 0.956029 0.561418
7.75 0.954419 0.536648
7.76 0.953018 0.511895
7.7700000000000005 0.951944 0.48849
7.78 0.951304 0.463536
7.79 0.951185 0.446421
7.8 0.95164 0.434559
7.8100000000000005 0.952686 0.42721
7.82 0.954295 0.420854
7.83 0.956396 0.41722
7.84 0.958878 0.414491
7.8500000000000005 0.961598 0.413412
7.86 0.96439 0.412706
7.87 0.967084 0.414628
7.88 0.969513 0.417684
7.890000000000001 0.971536 0.421955
7.9 0.973044 0.42737
7.91 0.973974 0.434286
7.92 0.974308 0.445225
7.930000000000001 0.974072 0.463195
7.94 0.973332 0.483045
7.95 0.97218 0.509104
7.96 0.970729 0.532502
7.97 0.969096 0.555202
7.98 0.967396 0.578393
7.99 0.965731 0.601004
8.0 0.964187 0.622333
8.01 0.962827 0.642518
8.02 0.961689 0.659575
8.03 0.960794 0.676165
8.040000000000001 0.96014 0.690021
8.05 0.959712 0.702368
8.06 0.959483 0.713718
8.07 0.959419 0.724023
8.08 0.959486 0.730481
8.09 0.959648 0.736744
8.1 0.959872 0.740692
8.11 0.96013 0.742081
8.120000000000001 0.960399 0.744063
8.13 0.960664 0.744563
8.14 0.960911 0.744818
8.15 0.961134 0.744285
8.16 0.961328 0.742352
8.17 0.961494 0.740908
8.18 0.961633 0.739701
8.19 0.961748 0.738411
8.2 0.961841 0.7379
8.21 0.961916 0.736985
8.22 0.961976 0.737375
8.23 0.962023 0.737359
8.24 0.962059 0.737062
8.25 0.962086 0.737685
8.26 0.962104 0.736003
8.27 0.962115 0.732926
8.28 0.962118 0.72779
8.290000000000001 0.962115 0.720705
8.3 0.962106 0.712167
8.31 0.962091 0.701824
8.32 0.962073 0.690051
8.33 0.962051 0.679321
8.34 0.962028 0.670497
8.35 0.962004 0.661953
8.36 0.961981 0.654515
8.370000000000001 0.96196 0.648488
8.38 0.961942 0.64492
8.39 0.961926 0.643578
8.4 0.961913 0.647038
8.41 0.961902 0.655078
8.42 0.961892 0.664925
8.43 0.961884 0.674746
8.44 0.961877 0.685252
8.45 0.961869 0.695165
8.46 0.961861 0.70417
8.47 0.961852 0.713073
8.48 0.961842 0.720058
8.49 0.96183 0.725555
8.5 0.961818 0.728875
8.51 0.961805 0.732253
8.52 0.961791 0.736387
8.53 0.961775 0.738181
8.540000000000001 0.961759 0.738572
8.55 0.961741 0.736592
8.56 0.961722 0.733155
8.57 0.961703 0.727937
8.58 0.961685 0.722181
8.59 0.96167 0.715518
8.6 0.961657 0.706558
8.61 0.961646 0.699725
8.620000000000001 0.961635 0.693411
8.63 0.961621 0.689275
8.64 0.961602 0.685695
8.65 0.961579 0.684565
8.66 0.961551 0.68627
8.67 0.961523 0.691166
8.68 0.961496 0.698132
8.69 0.961474 0.704141
8.700000000000001 0.961457 0.709039
8.71 0.961443 0.711876
8.72 0.961433 0.713033
8.73 0.961423 0.712027
8.74 0.961412 0.711598
8.75 0.961401 0.711478
8.76 0.961387 0.710599
8.77 0.961371 0.709899
8.78 0.961354 0.709218
8.790000000000001 0.961336 0.707456
8.8 0.961316 0.705457
8.81 0.961296 0.703731
8.82 0.961277 0.700758
8.83 0.961257 0.697777
8.84 0.961239 0.696238
8.85 0.961223 0.696195
8.86 0.96121 0.696519
8.870000000000001 0.961199 0.697734
8.88 0.96119 0.698402
8.89 0.961185 0.696768
8.9 0.961181 0.693815
8.91 0.96118 0.690171
8.92 0.961178 0.684953
8.93 0.961177 0.679409
8.94 0.961175 0.674035
8.950000000000001 0.96117 0.668556
8.96 0.961162 0.662866
8.97 0.96115 0.656383
8.98 0.961134 0.649754
8.99 0.961112 0.641332
9.0 0.961083 0.633279
9.01 0.961048 0.625523
9.02 0.961006 0.61752
9.03 0.960956 0.608816
9.040000000000001 0.960896 0.598938
9.05 0.960826 0.588714
9.06 0.960744 0.576837
9.07 0.960647 0.566394
9.08 0.960534 0.554319
9.09 0.960402 0.541718
9.1 0.960248 0.528991
9.11 0.96007 0.515418
9.120000000000001 0.959867 0.501485
9.13 0.959638 0.485638
9.14 0.959386 0.470629
9.15 0.959115 0.454082
9.16 0.958833 0.437853
9.17 0.958553 0.420379
9.18 0.958292 0.402673
9.19 0.958072 0.384015
9.200000000000001 0.957919 0.364443
9.21 0.957863 0.344185
9.22 0.957937 0.32344
9.23 0.958173 0.301719
9.24 0.958599 0.279656
9.25 0.959236 0.256837
9.26 0.960096 0.232678
9.27 0.961175 0.208836
9.28 0.962451 0.184301
9.290000000000001 0.963882 0.15962
9.3 0.965407 0.134492
9.31 0.966944 0.109995
9.32 0.968397 0.086561
9.33 0.969661 0.064768
9.34 0.970629 0.04525
9.35 0.971204 0.02833
9.36 0.971306 0.0144
9.370000000000001 0.970881 0.006589
9.38 0.969914 0.006339
9.39 0.968428 0.006306
9.4 0.966488 0.006282
9.41 0.964198 0.00627
9.42 0.961689 0.00626
9.43 0.959112 0.00626
9.44 0.956622 0.006269
9.450000000000001 0.954364 0.006281
9.46 0.952466 0.006304
9.47 0.951022 0.006333
9.48 0.950091 0.006629
9.49 0.949696 0.014366
9.5 0.949819 0.028001
9.51 0.950408 0.044771
9.52 0.951385 0.064395
9.53 0.952653 0.086097
9.540000000000001 0.954105 0.109559
9.55 0.955639 0.134007
9.56 0.957158 0.15916
9.57 0.958581 0.184267
9.58 0.959848 0.209169
9.59 0.960917 0.233346
9.6 0.961769 0.255994
9.61 0.962398 0.278552
9.620000000000001 0.962818 0.30081
9.63 0.96305 0.321719
9.64 0.963122 0.342084
9.65 0.963066 0.361565
9.66 0.962916 0.37979
9.67 0.962702 0.396528
9.68 0.962449 0.413935
9.69 0.96218 0.429757
9.700000000000001 0.961912 0.445192
9.71 0.961656 0.460336
9.72 0.96142 0.474914
9.73 0.961208 0.488337
9.74 0.96102 0.501925
9.75 0.960857 0.514887
9.76 0.960716 0.526696
9.77 0.960594 0.538345
9.78 0.96049 0.54934
9.790000000000001 0.9604 0.559596
9.8 0.960323 0.56921
9.81 0.960258 0.578503
9.82 0.960204 0.587688
9.83 0.960159 0.595714
9.84 0.960125 0.602744
9.85 0.960099 0.609983
9.86 0.960082 0.616861
9.870000000000001 0.960071 0.623779
9.88 0.960067 0.630426
9.89 0.960067 0.636193
9.9 0.960069 0.641718
9.91 0.960072 0.645705
9.92 0.960075 0.650495
9.93 0.960076 0.654599
9.94 0.960074 0.659014
9.950000000000001 0.960069 0.661927
9.96 0.96006 0.66405
9.97 0.960047 0.664058
9.98 0.960032 0.663647
9.99 0.960015 0.662095
